# logA ns theta_MC_100 ombh2 omch2 tau A_act P_act
1.702927290794907381e-04 -2.016663169744224550e-05 1.246267676016008859e-07 4.722741849108337089e-07 -2.028230690717701246e-06 6.073764678506848088e-05 1.378874064953990237e-05 2.879588809599361241e-06
-2.016663169744224550e-05 5.550405227560943513e-05 6.396597751873982867e-07 -5.864325718853408592e-07 -7.120083803616759026e-06 1.089940795118816576e-05 2.519264577546617361e-06 1.812793109276155899e-07
1.246267676016008859e-07 6.396597751873982867e-07 9.684253557223987809e-08 -4.784876177877364867e-10 -2.599066746034637077e-07 2.716036178405526837e-07 7.718953558882591079e-08 1.186993581474219929e-07
4.722741849108337089e-07 -5.864325718853408592e-07 -4.784876177877364867e-10 2.636822426758165885e-08 -2.679544045615200526e-08 3.159246524939643229e-08 3.228946943820036306e-10 -3.223260757292679098e-08
-2.028230690717701246e-06 -7.120083803616759026e-06 -2.599066746034637077e-07 -2.679544045615200526e-08 4.790601851859082382e-06 -4.781762593382203971e-06 -9.737823684270065561e-07 -1.736525986620839201e-06
6.073764678506848088e-05 1.089940795118816576e-05 2.716036178405526837e-07 3.159246524939643229e-08 -4.781762593382203971e-06 3.682115146827877512e-05 -1.868724453940056938e-07 1.089269692669798774e-06
1.378874064953990237e-05 2.519264577546617361e-06 7.718953558882591079e-08 3.228946943820036306e-10 -9.737823684270065561e-07 -1.868724453940056938e-07 8.466622408632464613e-06 5.385929143739918764e-08
2.879588809599361241e-06 1.812793109276155899e-07 1.186993581474219929e-07 -3.223260757292679098e-08 -1.736525986620839201e-06 1.089269692669798774e-06 5.385929143739918764e-08 7.384647227591939546e-06
