# logA ns theta_MC_100 ombh2 omch2 tau A_act P_act
1.152421919739941885e-04 -2.930104850674717783e-06 4.912215432737456559e-07 3.500063106244997669e-07 -7.654155330162670855e-06 5.189677955277907168e-05 6.226675810382585462e-06 3.873784001871568062e-06
-2.930104850674717783e-06 4.213717665038752789e-05 3.383296928727750003e-07 -4.782398661162292422e-07 -2.855798420682197399e-06 7.469940682920001684e-06 6.413019465636549535e-06 -6.451316434451654559e-07
4.912215432737456559e-07 3.383296928727750003e-07 8.672075961471573723e-08 1.160825547524642620e-09 -1.362238151953483830e-07 2.010680561633158954e-07 1.470960633967929276e-07 1.030621640019554675e-07
3.500063106244997669e-07 -4.782398661162292422e-07 1.160825547524642620e-09 2.515858685919326744e-08 -3.006357832486452642e-08 3.753434071247257161e-08 -1.890579360057799186e-08 -3.646509404057725178e-08
-7.654155330162670855e-06 -2.855798420682197399e-06 -1.362238151953483830e-07 -3.006357832486452642e-08 2.550444487443037073e-06 -3.526474035754856676e-06 -2.058416517800578851e-06 -1.201404826214526745e-06
5.189677955277907168e-05 7.469940682920001684e-06 2.010680561633158954e-07 3.753434071247257161e-08 -3.526474035754856676e-06 3.110324884811122215e-05 -7.489856581221850429e-07 7.426962052037630907e-07
6.226675810382585462e-06 6.413019465636549535e-06 1.470960633967929276e-07 -1.890579360057799186e-08 -2.058416517800578851e-06 -7.489856581221850429e-07 7.613138608595981147e-06 2.601120592275123836e-07
3.873784001871568062e-06 -6.451316434451654559e-07 1.030621640019554675e-07 -3.646509404057725178e-08 -1.201404826214526745e-06 7.426962052037630907e-07 2.601120592275123836e-07 7.416923133962976552e-06
