# logA ns theta_MC_100 ombh2 omch2 tau A_act P_act
7.722315969407015810e-05 5.095707376333668986e-06 3.381144980785886293e-07 1.873378251666616801e-07 -2.709500338201229423e-06 3.433753728443749467e-05 6.731990519423520816e-06 2.932999311665546034e-07
5.095707376333668986e-06 1.230916400650210325e-05 2.150412341547439742e-07 3.882889496201787079e-08 -2.349323089600271820e-06 3.802864878878027485e-06 2.317514423136621923e-06 7.714419703083205525e-07
3.381144980785886293e-07 2.150412341547439742e-07 6.672925211010073303e-08 5.619222671693080787e-09 -5.731034732309505628e-08 1.288321309889451585e-07 7.944671644872704488e-08 3.516579452028856432e-08
1.873378251666616801e-07 3.882889496201787079e-08 5.619222671693080787e-09 1.168752569194449617e-08 -4.155628788232405935e-08 8.372483607286723115e-08 3.552568860176729449e-08 -2.537033357355227502e-08
-2.709500338201229423e-06 -2.349323089600271820e-06 -5.731034732309505628e-08 -4.155628788232405935e-08 1.089436035053274200e-06 -1.525270535049650299e-06 -1.116296900395750086e-06 -2.196769603234517627e-07
3.433753728443749467e-05 3.802864878878027485e-06 1.288321309889451585e-07 8.372483607286723115e-08 -1.525270535049650299e-06 2.055634341666179104e-05 -1.445347537464597910e-06 -5.315882544634598046e-09
6.731990519423520816e-06 2.317514423136621923e-06 7.944671644872704488e-08 3.552568860176729449e-08 -1.116296900395750086e-06 -1.445347537464597910e-06 6.392823531732646161e-06 1.541993793356973301e-07
2.932999311665546034e-07 7.714419703083205525e-07 3.516579452028856432e-08 -2.537033357355227502e-08 -2.196769603234517627e-07 -5.315882544634609627e-09 1.541993793356973301e-07 6.177952880486246185e-06
