# logA ns theta_MC_100 ombh2 omch2 tau A_act P_act
1.668055194000174751e-04 -2.120452606518127692e-05 1.116019532428056974e-07 4.865431996377586595e-07 -2.226228589080439556e-06 5.568003127445188895e-05 1.570001800329826974e-05 3.612599297216849997e-06
-2.120452606518127692e-05 5.847546527431845420e-05 6.954988140398525692e-07 -5.973488622365137143e-07 -7.184122262515284907e-06 1.350433239169110932e-05 8.350367680111769376e-07 -5.802170754313128503e-07
1.116019532428056974e-07 6.954988140398525692e-07 9.457195243137641593e-08 -8.889923310285561676e-10 -2.609844764099352887e-07 3.290129802825399790e-07 5.220310797944073260e-08 1.012022041041624944e-07
4.865431996377586595e-07 -5.973488622365137143e-07 -8.889923310285561676e-10 2.711376760099389638e-08 -2.281994539140438012e-08 8.356383407632351769e-10 2.824821073594550597e-08 -3.462723960316067027e-08
-2.226228589080439556e-06 -7.184122262515284907e-06 -2.609844764099352887e-07 -2.281994539140438012e-08 4.536131729226689601e-06 -5.074640726040494326e-06 -7.117735222681081538e-07 -1.579226350743230259e-06
5.568003127445188895e-05 1.350433239169110932e-05 3.290129802825399790e-07 8.356383407632351769e-10 -5.074640726040494326e-06 3.599259668433536763e-05 -8.431233273247760896e-07 8.635087558877175987e-07
1.570001800329826974e-05 8.350367680111769376e-07 5.220310797944073260e-08 2.824821073594550597e-08 -7.117735222681081538e-07 -8.431233273247760896e-07 9.180144727262421535e-06 1.486276171979310720e-07
3.612599297216849997e-06 -5.802170754313128503e-07 1.012022041041624944e-07 -3.462723960316067027e-08 -1.579226350743230259e-06 8.635087558877175987e-07 1.486276171979310720e-07 7.536016186207049145e-06
