# logA ns theta_MC_100 ombh2 omch2 tau A_act P_act
2.683396330567580364e-04 -1.251622610800344484e-05 5.443531006364335006e-07 6.055748247460559441e-07 -5.864287906007546089e-06 1.145989016472362599e-04 1.286263226566100158e-05 4.400357290509251574e-06
-1.251622610800344484e-05 6.128454017212643450e-05 7.465149408213859067e-07 -6.507950292500267068e-07 -7.762660439611985096e-06 1.692184789372928045e-05 2.531079318108961833e-06 -1.463870219473450633e-08
5.443531006364335006e-07 7.465149408213859067e-07 1.012090407709255176e-07 -6.290179659374060459e-10 -3.300295312462479268e-07 5.572938428081115152e-07 7.264062941841249061e-08 1.480011901669075285e-07
6.055748247460559441e-07 -6.507950292500267068e-07 -6.290179659374060459e-10 2.679693523680015789e-08 -2.023715865304974505e-08 7.183176625661710414e-08 -1.734129738526224056e-09 -1.830148911814661711e-08
-5.864287906007546089e-06 -7.762660439611985096e-06 -3.300295312462479268e-07 -2.023715865304974505e-08 4.880712229281388494e-06 -7.212236978820552418e-06 -7.483703342317916953e-07 -1.781605573744703756e-06
1.145989016472362599e-04 1.692184789372928045e-05 5.572938428081114093e-07 7.183176625661710414e-08 -7.212236978820552418e-06 6.831846643212009242e-05 -1.474648339198128149e-06 1.640439114043167981e-06
1.286263226566100158e-05 2.531079318108961833e-06 7.264062941841249061e-08 -1.734129738526224056e-09 -7.483703342317916953e-07 -1.474648339198128149e-06 9.058390569449446215e-06 1.259501596852856340e-07
4.400357290509251574e-06 -1.463870219473450633e-08 1.480011901669075285e-07 -1.830148911814661711e-08 -1.781605573744703756e-06 1.640439114043167981e-06 1.259501596852856340e-07 7.755790572579253253e-06
