# logA n_s theta_s_100 omega_b omega_cdm tau_reio A_act P_act
2.419728680125209520e-03 1.910544887114351618e-04 6.797331999157758032e-06 2.866075052454886865e-06 -1.257006401067818082e-04 -1.341280634962303486e-05 1.349014230781767120e-03 2.823307014921464574e-05
1.910544887114351618e-04 7.828013116571362845e-05 1.339276031361290907e-06 -4.080559066088670697e-07 -1.930539723733985322e-05 4.584212361007073924e-06 1.289062630273882563e-04 2.275214816051473560e-06
6.797331999157758032e-06 1.339276031361290907e-06 1.067229396208029665e-07 3.005603342095152158e-09 -5.856806590486093108e-07 6.327531971194263530e-08 4.057807769565085376e-06 1.555916864635815890e-07
2.866075052454886865e-06 -4.080559066088670697e-07 3.005603342095152158e-09 3.091090979583390056e-08 -1.524447310678527288e-07 -2.248336055061155631e-08 1.366708145332947034e-06 -6.808990192194490618e-09
-1.257006401067818082e-04 -1.930539723733985322e-05 -5.856806590486093108e-07 -1.524447310678527288e-07 1.139705073552386470e-05 -4.340742598451160186e-07 -7.489584525480358910e-05 -2.935190802473574597e-06
-1.341280634962303486e-05 4.584212361007073924e-06 6.327531971194263530e-08 -2.248336055061155631e-08 -4.340742598451160186e-07 3.683676700095733271e-05 -4.142440812893617979e-05 -6.589732330528369149e-07
1.349014230781767120e-03 1.289062630273882563e-04 4.057807769565085376e-06 1.366708145332947034e-06 -7.489584525480358910e-05 -4.142440812893617979e-05 7.992254454096441507e-04 1.593518292949108655e-05
2.823307014921464574e-05 2.275214816051473560e-06 1.555916864635815890e-07 -6.808990192194490618e-09 -2.935190802473574597e-06 -6.589732330528369149e-07 1.593518292949108655e-05 7.843638434142022054e-06
