# logA ns theta_MC_100 ombh2 omch2 w wa tau A_planck calib_100T calib_217T A_cib_217 xi_sz_cib A_sz ksz_norm gal545_A_100 gal545_A_143 gal545_A_143_217 gal545_A_217 ps_A_100_100 ps_A_143_143 ps_A_143_217 ps_A_217_217 galf_TE_A_100 galf_TE_A_100_143 galf_TE_A_100_217 galf_TE_A_143 galf_TE_A_143_217 galf_TE_A_217
1.861602885491041727e-04 1.782987167971666995e-05 7.886644124302364487e-07 5.618111918253464738e-07 -6.571968819924641920e-06 -1.695747643940210886e-04 1.333060742046686094e-03 9.746870807289980179e-05 3.017764871729401544e-06 -1.356482659503366949e-07 -1.414626622140231953e-07 -4.151771404324275730e-03 3.677289638850727779e-05 1.389766807371463700e-03 -1.711988651197194266e-03 -4.185400268252368705e-04 -2.761683529166286222e-04 4.277245532209384467e-04 2.394641350542020628e-03 -2.305671978913117343e-02 -6.126196677594322217e-03 -1.657278650649569580e-04 5.030062859249693173e-03 6.695610451312431498e-07 -4.369988559995798070e-07 -3.135413907202928157e-06 -1.681283530565754559e-06 6.885031826619226643e-08 -2.690500115995391535e-05
1.782987167971666995e-05 1.771172099140888630e-05 4.668224421314069558e-07 2.550280915459275426e-07 -3.483065711493430546e-06 3.663025325384678765e-05 -4.217112301612630426e-05 1.182606006308164108e-05 1.833811964033350134e-06 -7.889482197970478177e-08 -5.917494736319416712e-08 -4.617498105725040963e-03 1.030412962820371174e-04 1.071730958175242613e-03 -2.499613201475523686e-03 2.578742201102963679e-04 -4.430419590642150642e-04 -3.843737716111926116e-04 1.364122058296844296e-03 -2.401133683691966669e-02 -6.302360350301287016e-03 2.216741536662238891e-03 6.047052593580591606e-03 2.688944322132565153e-06 -7.512124785276780777e-07 1.575550162309743857e-07 -5.395536467185000136e-06 -1.704862394376465418e-06 -2.490370586055601506e-05
7.886644124302364487e-07 4.668224421314069558e-07 9.613584168622151908e-08 1.511850564019953763e-08 -1.254045000218042855e-07 2.325743832627478404e-06 -5.423049558340979879e-06 4.107319602093402112e-07 9.010979643642637281e-08 2.974655668576690264e-09 -3.339233832571981379e-09 -6.981926035961405810e-06 8.947342002888883763e-07 2.278805302315941323e-05 -4.053772439791457973e-05 -2.795075496394100904e-06 -1.494789294826082633e-06 -9.332279421874425346e-06 -8.025774737604289013e-06 -1.210095693197176236e-04 -4.375642308493072946e-05 6.832326257576350334e-05 6.422505373306560696e-05 -2.044265817422919468e-07 -1.740180394985490603e-07 4.258721932489668610e-07 -4.859451180839451929e-08 -7.314720344666987976e-10 -2.176489671502197524e-06
5.618111918253464738e-07 2.550280915459275426e-07 1.511850564019953763e-08 1.962211772388330634e-08 -8.831717929940548401e-08 1.483790394973969067e-06 -3.122379373933710662e-06 3.097574729955877334e-07 3.796416494143696722e-08 2.369635614819423273e-09 -1.904718624627394002e-09 -6.192301911701341582e-05 1.595468220752872034e-06 2.232930121364197292e-05 -4.491047992620770429e-05 -4.006076602820338808e-06 -6.315359224349507840e-06 -1.257241090288798620e-05 1.804418470981556300e-06 -3.851799539436301227e-04 -1.957568824267566390e-04 -4.121812488398342799e-05 1.890506753160749596e-05 -3.985672082386131632e-09 1.394641901346392205e-08 1.926776621177313242e-07 -1.739326912420125238e-07 -3.560292416724037036e-07 -1.171934847571492963e-06
-6.571968819924641920e-06 -3.483065711493430546e-06 -1.254045000218042855e-07 -8.831717929940548401e-08 1.386329654152644194e-06 -2.001545914115573967e-05 4.175513492518539326e-05 -4.052449896710422726e-06 -8.282883418178475052e-07 -1.339361537496403759e-08 5.021547775460436448e-09 3.654198269348532405e-04 -3.657860138289569843e-06 -1.420530296227586766e-04 2.594151491711694309e-04 -1.493374539991401112e-05 8.299299307151715058e-06 -3.765338176834507288e-05 -2.863219606669002216e-04 1.778003207573097605e-03 7.983280573968506771e-04 1.258654452520624633e-06 -5.380958125473434732e-04 -8.949306100588247406e-08 -2.502792538320403369e-07 -5.550641319041844822e-07 1.295768676363566900e-06 2.925357929504939252e-07 5.457993544456876407e-06
-1.695747643940210886e-04 3.663025325384678765e-05 2.325743832627478404e-06 1.483790394973969067e-06 -2.001545914115573967e-05 9.190908811717784371e-03 -4.381074198642889023e-02 -3.614318518110078268e-05 -2.546090381201619558e-05 1.736222442128024884e-06 7.630525042591996234e-07 2.036560395416808431e-03 -2.295605400505451273e-04 7.362484260407620249e-04 2.024134338611581832e-03 2.205796621156299892e-03 -7.703242724230696366e-04 -4.161619363566130408e-03 -1.005608612527184378e-02 9.213671497424757301e-03 -2.992055064852999768e-02 -2.073668618160517604e-02 -2.761499646200129415e-02 -2.553519875060152958e-05 7.817733832805314704e-07 5.487705883653379963e-05 -3.304173381129469196e-05 1.313587215937847639e-04 -1.087421438271513031e-04
1.333060742046686094e-03 -4.217112301612629748e-05 -5.423049558340979879e-06 -3.122379373933710662e-06 4.175513492518539326e-05 -4.381074198642889023e-02 2.312751621995049744e-01 4.268085183874463962e-04 1.843477887746114788e-04 -6.988812425757887362e-06 -6.130784316408757867e-06 -3.287365300908945409e-02 1.577023163681718449e-03 8.697098527856564343e-03 -2.271063994336381536e-02 -1.520340743552864825e-02 4.203051364094803968e-03 2.512038577786432011e-02 6.951623336476377146e-02 -1.697628594959830761e-01 9.633811973034347997e-02 1.123377234039789480e-01 1.746639045261397793e-01 7.954331471207094195e-06 3.038288959341096422e-05 -3.831130401791992988e-04 1.727732098665281889e-04 -9.396443790903830041e-04 7.749661463934867222e-05
9.746870807289980179e-05 1.182606006308164108e-05 4.107319602093402112e-07 3.097574729955877334e-07 -4.052449896710422726e-06 -3.614318518110076913e-05 4.268085183874463962e-04 5.630256546760792959e-05 -2.377522803257151077e-06 -1.220873976926096137e-07 -8.139025327159786617e-08 -2.590371851952941954e-03 1.332326687710154485e-05 7.885478701290714538e-04 -9.782850689934213979e-04 -6.509962868158619535e-05 5.430127970110806661e-06 3.918517710821016247e-04 9.230657231137803743e-04 -1.481636952671202059e-02 -4.021178902915809213e-03 -6.640561427921992882e-04 1.436006427983998373e-03 1.178215423918869115e-06 9.103055111293089746e-07 -3.344860929606738154e-06 1.204356537167526657e-06 2.951012887284534086e-06 -2.217361297546129915e-05
3.017764871729401544e-06 1.833811964033350134e-06 9.010979643642637281e-08 3.796416494143696722e-08 -8.282883418178475052e-07 -2.546090381201619558e-05 1.843477887746114788e-04 -2.377522803257151077e-06 4.994438641087909183e-06 3.516032827373692455e-10 1.548198844120963076e-08 7.996879125161887938e-04 -1.442273228255586367e-05 6.231018548853588560e-05 1.781506564291640842e-04 4.392641242853768453e-05 1.044493482345708340e-04 9.093417182064482320e-05 6.680710300973128875e-04 3.269964791626332832e-03 -6.816290732918816992e-07 -2.748495778183483143e-04 3.383723957235304199e-04 2.259191691656231353e-07 -1.031865510984646637e-06 9.255194394426443520e-07 -4.050350159774706018e-06 -1.658914435938582880e-06 4.417051765150342280e-06
-1.356482659503366949e-07 -7.889482197970478177e-08 2.974655668576690264e-09 2.369635614819423273e-09 -1.339361537496403759e-08 1.736222442128024884e-06 -6.988812425757887362e-06 -1.220873976926096137e-07 3.516032827373692455e-10 3.833159851215249961e-07 -9.688384263147911457e-09 -1.513146089522991440e-04 -3.692809926435301919e-07 9.671989593740429683e-05 -6.377903419200633658e-05 1.787119476423927968e-04 -1.705209715798201105e-04 -4.904677008593835415e-05 -2.007156914219155767e-05 3.959695911633374747e-03 5.429048692676116320e-05 3.274472606473150080e-04 4.372405817336736376e-04 3.754604078245086959e-07 -1.216458481917140465e-08 5.179433940399062841e-07 2.026650953654727757e-08 -1.796497239181066332e-07 -1.053392912236985062e-06
-1.414626622140231953e-07 -5.917494736319416712e-08 -3.339233832571981379e-09 -1.904718624627394002e-09 5.021547775460436448e-09 7.630525042591996234e-07 -6.130784316408757867e-06 -8.139025327159786617e-08 1.548198844120963076e-08 -9.688384263147911457e-09 3.855372673308447518e-07 7.467777444553473122e-04 1.747894239996310634e-06 -5.105737956539408502e-05 -5.677470808418671917e-07 -4.656927811322805551e-06 -4.483841718407775644e-05 3.593143568878005172e-04 8.064160957437579861e-04 5.664404715830410409e-04 1.583521981878288642e-04 -2.793192036516084216e-04 -1.294483421199948319e-03 5.435026780378037054e-08 -1.969346365710347120e-07 -5.434459940371268696e-07 -4.035624900834857128e-07 1.124279553532001144e-07 1.379430362406544793e-06
-4.151771404324275730e-03 -4.617498105725040963e-03 -6.981926035961405810e-06 -6.192301911701341582e-05 3.654198269348531863e-04 2.036560395416808431e-03 -3.287365300908944715e-02 -2.590371851952941954e-03 7.996879125161887938e-04 -1.513146089522991440e-04 7.467777444553473122e-04 4.389084197150790345e+01 -3.679607336173019161e-01 -8.327831655009974021e-01 -3.647931755830674527e-01 6.541304152905155767e-02 5.377490164784251014e-01 -5.653699480929138765e+00 -3.257677507248853033e+01 3.703863815070883447e+01 2.521751468964195997e+00 -1.229543617864034033e+01 -5.419487557334325345e+01 -8.249636224617903999e-04 -2.755993918609113674e-03 9.741931524743108889e-03 -2.849335718561997813e-03 7.302849015813225007e-03 5.808412889123202791e-03
3.677289638850727779e-05 1.030412962820371174e-04 8.947342002888880586e-07 1.595468220752871822e-06 -3.657860138289569843e-06 -2.295605400505451815e-04 1.577023163681719100e-03 1.332326687710154147e-05 -1.442273228255586198e-05 -3.692809926435304036e-07 1.747894239996310634e-06 -3.679607336173019161e-01 8.187651106018456471e-02 -3.012548278236593796e-02 2.758074628245268597e-02 -1.736795683258681930e-02 1.277197745017543719e-02 1.256296986780404135e-01 1.676208433047342294e-01 -7.485059524461037395e-01 9.264781897179686920e-01 1.720078274553730191e+00 5.942147114473618208e-01 -6.178209569972400888e-07 -4.679209188706335589e-05 -2.277950823590594697e-04 -8.002704291995181097e-05 -1.202710468324231808e-04 6.093551662596165437e-04
1.389766807371463700e-03 1.071730958175242613e-03 2.278805302315941661e-05 2.232930121364197292e-05 -1.420530296227586766e-04 7.362484260407620249e-04 8.697098527856564343e-03 7.885478701290715622e-04 6.231018548853588560e-05 9.671989593740431038e-05 -5.105737956539407147e-05 -8.327831655009974021e-01 -3.012548278236593796e-02 3.843365049395925936e+00 -2.799599375088699382e+00 -1.810790219518623179e-01 2.124346094936328533e-01 2.670716494067129965e+00 3.237154882709284198e+00 -2.909331887674165529e+01 -2.787094525187569616e+00 8.046003478676304610e+00 5.563723665216246062e+00 1.675769251462484917e-04 -1.107360897096966099e-03 -2.545310767652040089e-04 -1.605155115351248555e-03 -3.782042699100060176e-03 3.080338556654401566e-03
-1.711988651197194049e-03 -2.499613201475523686e-03 -4.053772439791457973e-05 -4.491047992620770429e-05 2.594151491711694309e-04 2.024134338611579664e-03 -2.271063994336381536e-02 -9.782850689934211811e-04 1.781506564291640842e-04 -6.377903419200633658e-05 -5.677470808418722739e-07 -3.647931755830674527e-01 2.758074628245268251e-02 -2.799599375088699382e+00 5.901610878086550827e+00 1.583563668030956162e-01 -2.529785312672998554e-01 -2.197150444502424360e+00 -2.194885996647495396e+00 1.339914464827035978e+01 -5.372352862103571880e+00 -1.231574215959501295e+01 -9.125136595411708740e+00 -2.212916253069603515e-04 1.039860109234840013e-03 5.022651398557614151e-04 2.431908657728799363e-03 4.326889391293355785e-03 -1.120336040582058535e-03
-4.185400268252368705e-04 2.578742201102963679e-04 -2.795075496394100904e-06 -4.006076602820338808e-06 -1.493374539991401451e-05 2.205796621156300326e-03 -1.520340743552864825e-02 -6.509962868158612759e-05 4.392641242853768453e-05 1.787119476423927968e-04 -4.656927811322805551e-06 6.541304152905161318e-02 -1.736795683258682277e-02 -1.810790219518622901e-01 1.583563668030956162e-01 3.348700078969457650e+00 5.253196495645731101e-01 6.718583747815883023e-02 3.643437921265067075e-02 -6.760491964628045913e+00 -4.351578936791418162e-01 -7.921446008855834719e-01 -4.390845371361021265e-01 -5.942828868124417447e-04 -7.315194339223362414e-04 -1.299359937095806048e-03 -1.289136349409348648e-03 1.392082304907514437e-04 -3.432275342391187707e-03
-2.761683529166286222e-04 -4.430419590642151184e-04 -1.494789294826084539e-06 -6.315359224349507840e-06 8.299299307151715058e-06 -7.703242724230697450e-04 4.203051364094806570e-03 5.430127970110867647e-06 1.044493482345708340e-04 -1.705209715798201105e-04 -4.483841718407775644e-05 5.377490164784251014e-01 1.277197745017543545e-02 2.124346094936328533e-01 -2.529785312672998554e-01 5.253196495645732211e-01 3.174848611241695817e+00 2.781578494727107387e+00 2.818336156453678853e+00 6.288977336839121079e+00 -1.101759580378043113e+00 -3.765702939047440023e-01 -1.064306840481592298e+00 -7.096426438154732844e-04 -3.135825261553341122e-04 -2.603182601338260762e-03 9.951185727838755823e-04 -4.312137321589630209e-04 -5.609774971207111792e-03
4.277245532209382841e-04 -3.843737716111926116e-04 -9.332279421874430428e-06 -1.257241090288798620e-05 -3.765338176834507965e-05 -4.161619363566131276e-03 2.512038577786432011e-02 3.918517710821016790e-04 9.093417182064482320e-05 -4.904677008593835415e-05 3.593143568878005172e-04 -5.653699480929138765e+00 1.256296986780403857e-01 2.670716494067129965e+00 -2.197150444502424360e+00 6.718583747815885798e-02 2.781578494727107387e+00 1.082814022320380332e+01 1.902081122886320230e+01 -1.180058356174813206e+01 3.790995636463746710e+00 5.532530679946567886e+00 5.620935582680198550e+00 1.248652660437038904e-05 -8.267131425671557510e-04 -1.443931823569064368e-03 -2.584636871355930083e-03 -6.031402820608821290e-03 1.280146959042492705e-02
2.394641350542020194e-03 1.364122058296844296e-03 -8.025774737604289013e-06 1.804418470981555877e-06 -2.863219606669002216e-04 -1.005608612527184378e-02 6.951623336476375759e-02 9.230657231137803743e-04 6.680710300973128875e-04 -2.007156914219155089e-05 8.064160957437579861e-04 -3.257677507248853033e+01 1.676208433047342294e-01 3.237154882709283754e+00 -2.194885996647495396e+00 3.643437921265066382e-02 2.818336156453678853e+00 1.902081122886320230e+01 5.223520933164203228e+01 -2.416948396353235751e+01 4.081727269012564108e+00 8.525274548406192920e+00 3.293222182390127983e+01 2.898789833564017647e-04 5.184723229425198046e-04 -6.163442071198254636e-03 -2.860752477373201125e-03 -1.267206277100878589e-02 2.663915103080402927e-02
-2.305671978913117343e-02 -2.401133683691966669e-02 -1.210095693197176507e-04 -3.851799539436301227e-04 1.778003207573097605e-03 9.213671497424745158e-03 -1.697628594959831316e-01 -1.481636952671202059e-02 3.269964791626332832e-03 3.959695911633374747e-03 5.664404715830410409e-04 3.703863815070883447e+01 -7.485059524461037395e-01 -2.909331887674165529e+01 1.339914464827035978e+01 -6.760491964628045913e+00 6.288977336839121079e+00 -1.180058356174813206e+01 -2.416948396353235751e+01 7.559372229031783945e+02 5.973134370508901014e+01 -5.871988505814807269e+01 -6.294676335796108901e+01 3.543756327808397517e-03 1.199258940143448429e-02 -1.406409401986243209e-02 1.480802488460043580e-02 2.831744146469427487e-02 -7.817037548356950416e-02
-6.126196677594322217e-03 -6.302360350301287016e-03 -4.375642308493072946e-05 -1.957568824267566390e-04 7.983280573968506771e-04 -2.992055064852999768e-02 9.633811973034350773e-02 -4.021178902915809213e-03 -6.816290732918816992e-07 5.429048692676116320e-05 1.583521981878288642e-04 2.521751468964195997e+00 9.264781897179686920e-01 -2.787094525187569616e+00 -5.372352862103571880e+00 -4.351578936791418717e-01 -1.101759580378043113e+00 3.790995636463746710e+00 4.081727269012564108e+00 5.973134370508901014e+01 5.949345881179134921e+01 4.046636408462221368e+01 1.366873062233200820e+01 -7.096173642163656234e-05 5.625960101673730795e-04 -8.780910834981652674e-03 -1.362572668549757917e-03 2.678160752637429552e-03 3.943226246210662644e-02
-1.657278650649569580e-04 2.216741536662238891e-03 6.832326257576351689e-05 -4.121812488398342799e-05 1.258654452520614257e-06 -2.073668618160517604e-02 1.123377234039789757e-01 -6.640561427921995051e-04 -2.748495778183483143e-04 3.274472606473150080e-04 -2.793192036516084216e-04 -1.229543617864034033e+01 1.720078274553730191e+00 8.046003478676302834e+00 -1.231574215959501295e+01 -7.921446008855834719e-01 -3.765702939047440023e-01 5.532530679946567886e+00 8.525274548406192920e+00 -5.871988505814808690e+01 4.046636408462221368e+01 8.596838255780309623e+01 5.181416116496119884e+01 1.049903807759568902e-04 -2.819446923703593840e-03 -1.497588240071280087e-02 -2.591752668575547907e-03 -1.217173088814497116e-02 2.636372973783413648e-02
5.030062859249693173e-03 6.047052593580591606e-03 6.422505373306560696e-05 1.890506753160749596e-05 -5.380958125473434732e-04 -2.761499646200129415e-02 1.746639045261397793e-01 1.436006427983998373e-03 3.383723957235304199e-04 4.372405817336736376e-04 -1.294483421199948319e-03 -5.419487557334325345e+01 5.942147114473618208e-01 5.563723665216244285e+00 -9.125136595411708740e+00 -4.390845371361021265e-01 -1.064306840481592076e+00 5.620935582680199438e+00 3.293222182390127983e+01 -6.294676335796108901e+01 1.366873062233200820e+01 5.181416116496119884e+01 1.023040910663180654e+02 -2.355401182941333979e-04 1.747931454332538048e-03 -1.883084484202478259e-02 3.306591007012515352e-03 -1.333485322194317632e-02 5.571526402055011285e-04
6.695610451312441028e-07 2.688944322132566000e-06 -2.044265817422919998e-07 -3.985672082386134941e-09 -8.949306100588269905e-08 -2.553519875060153636e-05 7.954331471207177204e-06 1.178215423918869327e-06 2.259191691656231883e-07 3.754604078245086959e-07 5.435026780378037054e-08 -8.249636224617910504e-04 -6.178209569971782554e-07 1.675769251462486001e-04 -2.212916253069605683e-04 -5.942828868124414195e-04 -7.096426438154736097e-04 1.248652660437069058e-05 2.898789833564012226e-04 3.543756327808397517e-03 -7.096173642163690115e-05 1.049903807759553452e-04 -2.355401182941325034e-04 1.425374185154878060e-03 2.768471606913161433e-04 1.240803156063202575e-04 -3.278829623494236090e-04 -1.842848488377537411e-05 3.519597869440015087e-05
-4.369988559995789070e-07 -7.512124785276778660e-07 -1.740180394985490603e-07 1.394641901346392370e-08 -2.502792538320403369e-07 7.817733832805417407e-07 3.038288959341095744e-05 9.103055111293087628e-07 -1.031865510984646637e-06 -1.216458481917140631e-08 -1.969346365710347120e-07 -2.755993918609112806e-03 -4.679209188706336944e-05 -1.107360897096965882e-03 1.039860109234839580e-03 -7.315194339223364582e-04 -3.135825261553342748e-04 -8.267131425671561847e-04 5.184723229425194794e-04 1.199258940143448429e-02 5.625960101673723205e-04 -2.819446923703593840e-03 1.747931454332538482e-03 2.768471606913161433e-04 8.834803160015575673e-04 6.994944277336792810e-05 7.547318851934094793e-04 2.485517577237188923e-05 -8.437580895877929213e-04
-3.135413907202928581e-06 1.575550162309743857e-07 4.258721932489668610e-07 1.926776621177312713e-07 -5.550641319041849057e-07 5.487705883653379963e-05 -3.831130401791992988e-04 -3.344860929606735613e-06 9.255194394426445638e-07 5.179433940399061782e-07 -5.434459940371266578e-07 9.741931524743108889e-03 -2.277950823590594697e-04 -2.545310767652037920e-04 5.022651398557611982e-04 -1.299359937095806482e-03 -2.603182601338260762e-03 -1.443931823569063935e-03 -6.163442071198254636e-03 -1.406409401986243209e-02 -8.780910834981650939e-03 -1.497588240071280434e-02 -1.883084484202477912e-02 1.240803156063202575e-04 6.994944277336792810e-05 7.153437387667074127e-03 -2.926508951675903204e-04 6.087987933672529915e-04 4.095150792552177191e-03
-1.681283530565756253e-06 -5.395536467185000136e-06 -4.859451180839455238e-08 -1.739326912420125238e-07 1.295768676363566688e-06 -3.304173381129468518e-05 1.727732098665282160e-04 1.204356537167526233e-06 -4.050350159774706865e-06 2.026650953654716838e-08 -4.035624900834857128e-07 -2.849335718561996512e-03 -8.002704291995178386e-05 -1.605155115351248555e-03 2.431908657728799796e-03 -1.289136349409348431e-03 9.951185727838751487e-04 -2.584636871355930950e-03 -2.860752477373200257e-03 1.480802488460043580e-02 -1.362572668549757917e-03 -2.591752668575548341e-03 3.306591007012517087e-03 -3.278829623494236090e-04 7.547318851934094793e-04 -2.926508951675903204e-04 2.866436346776882801e-03 5.037762707273070505e-04 -1.108985932527121110e-03
6.885031826619312670e-08 -1.704862394376465630e-06 -7.314720344667524610e-10 -3.560292416724037036e-07 2.925357929504937664e-07 1.313587215937847639e-04 -9.396443790903827873e-04 2.951012887284533239e-06 -1.658914435938582456e-06 -1.796497239181066332e-07 1.124279553532001012e-07 7.302849015813225007e-03 -1.202710468324231808e-04 -3.782042699100060176e-03 4.326889391293355785e-03 1.392082304907509016e-04 -4.312137321589630209e-04 -6.031402820608822157e-03 -1.267206277100878589e-02 2.831744146469427834e-02 2.678160752637430420e-03 -1.217173088814497116e-02 -1.333485322194317979e-02 -1.842848488377537411e-05 2.485517577237188585e-05 6.087987933672529915e-04 5.037762707273070505e-04 6.269986978503344285e-03 7.559958829795382015e-03
-2.690500115995391196e-05 -2.490370586055601506e-05 -2.176489671502197524e-06 -1.171934847571492963e-06 5.457993544456875560e-06 -1.087421438271513302e-04 7.749661463934856380e-05 -2.217361297546128899e-05 4.417051765150344821e-06 -1.053392912236985485e-06 1.379430362406544369e-06 5.808412889123207995e-03 6.093551662596164353e-04 3.080338556654401566e-03 -1.120336040582060270e-03 -3.432275342391185972e-03 -5.609774971207111792e-03 1.280146959042492531e-02 2.663915103080402927e-02 -7.817037548356953192e-02 3.943226246210664032e-02 2.636372973783413648e-02 5.571526402055116452e-04 3.519597869440014410e-05 -8.437580895877930297e-04 4.095150792552177191e-03 -1.108985932527121110e-03 7.559958829795382015e-03 7.159691763115133556e-02
