# logA ns theta_MC_100 ombh2 omch2 w wa tau A_planck calib_100T calib_217T A_cib_217 xi_sz_cib A_sz ksz_norm gal545_A_100 gal545_A_143 gal545_A_143_217 gal545_A_217 ps_A_100_100 ps_A_143_143 ps_A_143_217 ps_A_217_217 galf_TE_A_100 galf_TE_A_100_143 galf_TE_A_100_217 galf_TE_A_143 galf_TE_A_143_217 galf_TE_A_217
1.833754366889499190e-04 1.250165278477624209e-05 5.521462067863436513e-07 4.567495187853785925e-07 -4.474699855463033648e-06 -1.043413852473977266e-04 7.349605494911483263e-04 9.564936026744648228e-05 9.621779241404556821e-07 3.111799556429091707e-08 -1.035479432302769183e-07 -2.624823505550444476e-03 -1.395948105156252803e-05 7.227131373586366623e-04 -1.400296595519120221e-03 -4.011176985823217524e-04 -5.078850925645487114e-04 -5.920370792049054484e-04 1.810877307675075104e-05 -9.372743990682948223e-03 -7.084068356676860578e-03 -2.995839904700434934e-03 6.706483212696024267e-04 3.501678495643950333e-06 8.160654457496354454e-06 -2.436185859229307190e-06 -4.411673126941034726e-06 -2.180532363724332581e-05 -9.697896480778055536e-06
1.250165278477624209e-05 1.319859271474393016e-05 1.760352934394800322e-07 1.328126813568277106e-07 -1.802689558784401361e-06 -3.198807904977653705e-05 2.418134432260939397e-04 8.045076646973053287e-06 1.091632379419580406e-06 -7.226763793465161268e-08 -6.289599668934416683e-08 -4.202928089225181803e-03 9.625755951364438345e-05 8.093976748846354839e-04 -1.871834604527905553e-03 2.633214394205890627e-04 -3.790740377337759254e-04 -3.417018039662227244e-04 1.265203529193224298e-03 -2.124682860618506280e-02 -6.295220600756538075e-03 1.212748794394462792e-03 4.698437953237026392e-03 -1.674612679559740721e-06 4.555785479586981119e-08 -2.411975724210841723e-06 2.819624353277177774e-06 -7.569989360961980287e-07 -1.260009906877670748e-05
5.521462067863436513e-07 1.760352934394800322e-07 8.336670006077767617e-08 1.035126557384895109e-08 -3.154075882974526945e-08 -1.726372431177489769e-06 1.281701198184726123e-05 2.128308986950968183e-07 5.117726762402767265e-08 3.634672622324479585e-10 1.922620544897958558e-09 4.430938286280770643e-06 1.823792389727645174e-07 -6.763190795084796957e-06 3.513994960297466617e-06 1.148796475745499467e-06 -1.813145403380778480e-06 -1.375362263444748800e-05 -1.152483866061609049e-05 1.318112868241800437e-05 -1.876848786461348138e-05 -2.085624918689416336e-05 -2.259626498522649863e-05 -1.028631520173975090e-08 -5.661189348804263616e-08 2.831577014259400209e-07 -9.866460090662435738e-08 -2.343030079987327126e-07 -8.467211024032915254e-07
4.567495187853785925e-07 1.328126813568277106e-07 1.035126557384895109e-08 1.696891696065402055e-08 -4.610803997685000509e-08 -8.557516903449053699e-07 7.169305551978059237e-06 2.254431199757106695e-07 2.010289724634865529e-08 1.040130685712615949e-09 -1.711141164076026090e-09 -5.966271508665883788e-05 7.374935260475294016e-07 1.773920177693270441e-05 -2.387800844164523787e-05 -2.363034980183063636e-06 -9.204915997801486357e-06 -1.394493049620602358e-05 -2.578565811540406530e-06 -3.271763297515064683e-04 -2.040717352838525810e-04 -7.799145381235381754e-05 -7.093536877208848444e-06 -4.610918416092369865e-08 -9.064025921932541361e-08 -8.493537742627215332e-08 -2.634104799188412686e-07 -4.416012626109685795e-07 -1.672736863378105010e-06
-4.474699855463033648e-06 -1.802689558784401361e-06 -3.154075882974526945e-08 -4.610803997685000509e-08 7.510789973775011316e-07 1.153266226666916688e-05 -9.260168240260698643e-05 -2.644711956147180893e-06 -4.887766906712289532e-07 -1.005853675812174242e-09 7.975687636477422020e-09 8.218548494656754901e-05 -5.664726755070500157e-06 -7.082128801359229659e-05 6.768424508568827340e-05 2.458954814086457789e-05 2.641574410844371620e-05 -1.899017691994667675e-06 -4.331464626300543720e-05 7.783074571301508990e-04 5.155986249519785465e-04 1.403379183644480816e-04 -2.653344521659040023e-06 6.402398749050590854e-07 -1.689037382573353765e-07 -4.246981578575806079e-08 2.809181936591983751e-07 -2.703176025519104006e-07 5.225749400268369101e-06
-1.043413852473977266e-04 -3.198807904977653705e-05 -1.726372431177489769e-06 -8.557516903449053699e-07 1.153266226666916688e-05 2.951075355897230142e-03 -9.942677453580813993e-03 -5.239835061679550714e-05 -1.320319377350408734e-05 1.017069145350659924e-07 8.263419870854885815e-07 4.564092442249757277e-03 -2.778815514388763373e-04 -1.098458521857909823e-03 1.473765299562276171e-03 2.070067048919913780e-03 -2.972505405426284953e-04 1.292369570668225592e-03 2.080232469067478654e-04 6.473442863100717024e-03 6.638148345738804738e-03 -5.317045025065212337e-03 -9.804024518330801616e-03 -4.144336073251817301e-05 -3.001284391685093489e-05 -1.181982581064896374e-05 2.263572990696476357e-05 2.685541441892021065e-05 7.554091123062563532e-05
7.349605494911483263e-04 2.418134432260939397e-04 1.281701198184726123e-05 7.169305551978059237e-06 -9.260168240260698643e-05 -9.942677453580813993e-03 4.256292191349843324e-02 3.864323447199520490e-04 8.634775380902110875e-05 -2.961787936142680931e-07 -2.444608007025756360e-06 -1.531540613448371772e-02 1.070897912819133557e-03 8.860246542126602731e-03 -1.052934615822469396e-02 -9.700787062158324273e-03 -6.227568285946473480e-04 -4.988707385421124046e-03 -1.135798211975276806e-04 -7.578264456710695485e-02 -6.783709256854288105e-02 -1.324378958328900364e-03 2.785012558837821409e-02 7.527313785289582867e-05 1.229947137433714209e-04 1.361500359749899438e-04 -2.121830029543490706e-05 -7.202283781291647831e-05 -8.469669167535792947e-04
9.564936026744648228e-05 8.045076646973053287e-06 2.128308986950968448e-07 2.254431199757106695e-07 -2.644711956147180893e-06 -5.239835061679552070e-05 3.864323447199520490e-04 5.490906764864943748e-05 -3.526091288736942121e-06 -2.137557807574036938e-08 -8.498607312770987482e-08 -1.591797194548646120e-03 -1.461293048189010565e-05 4.866687008911676376e-04 -5.604246102862878815e-04 -6.840409852107028044e-05 -1.649219962643353810e-04 -3.404042816516192251e-04 -7.583512371828033359e-04 -8.164112120475422452e-03 -4.772797214554771149e-03 -2.283417667058407902e-03 -1.130762083494355526e-03 7.060490798355722145e-07 4.219712005601577885e-06 -1.608907117859998318e-06 -2.886392603253349215e-06 -1.309408866962111317e-05 -1.094698206629623487e-05
9.621779241404556821e-07 1.091632379419580406e-06 5.117726762402767265e-08 2.010289724634865529e-08 -4.887766906712289532e-07 -1.320319377350408734e-05 8.634775380902110875e-05 -3.526091288736942121e-06 4.772242647594350349e-06 -2.851389241809239400e-08 2.642066014406198356e-08 9.285482140386679345e-04 -8.166094457227431050e-06 -2.890283502208007495e-05 1.006209158581191162e-04 -3.373517500170486483e-06 1.667322799600066225e-04 3.592372282396834359e-04 1.003803714204512965e-03 5.074302899060289043e-03 6.708794992398457377e-04 -1.690733254771693578e-04 1.215077544492737527e-04 1.936116473208270862e-07 4.687051455544089618e-08 -3.031638214222984534e-07 7.366003093668190800e-07 3.812282513448064228e-06 5.823407101168162553e-06
3.111799556429091707e-08 -7.226763793465161268e-08 3.634672622324479585e-10 1.040130685712615949e-09 -1.005853675812174242e-09 1.017069145350659924e-07 -2.961787936142678813e-07 -2.137557807574036938e-08 -2.851389241809239400e-08 3.733877994382045479e-07 3.257465124237953263e-09 -1.712126775656024882e-04 5.802543805309695901e-06 8.688166524789667005e-05 -6.064771136526784964e-05 1.751425150613751807e-04 -1.798769810732229427e-04 -3.133345947216497268e-05 3.852859424817527926e-05 3.692530016932775352e-03 9.368262002202016432e-05 4.070184439224026202e-04 4.037473115937387485e-04 -3.306832410490293883e-07 -2.900900813696787964e-07 1.841600141925168251e-07 1.613661800312826290e-07 1.978609027512570684e-07 -1.846243901192388615e-06
-1.035479432302769183e-07 -6.289599668934416683e-08 1.922620544897958558e-09 -1.711141164076026090e-09 7.975687636477422020e-09 8.263419870854885815e-07 -2.444608007025756360e-06 -8.498607312770987482e-08 2.642066014406198356e-08 3.257465124237953263e-09 3.869721580471281951e-07 6.730761728766268505e-04 -4.614634038508566899e-06 -2.064051752907094446e-05 -5.209300518835995062e-06 -1.262234816194350486e-06 -6.088032605617981087e-05 3.956307233828896186e-04 9.453691534569260346e-04 4.465941138947424603e-04 8.616387626026425397e-05 -3.764982945544458970e-04 -1.264262419090072696e-03 2.182263881797193374e-07 -1.039021160078751798e-07 1.924275505465346848e-07 -2.113559677397573192e-08 4.537934901840425741e-07 -2.382063429531957689e-06
-2.624823505550444476e-03 -4.202928089225181803e-03 4.430938286280773184e-06 -5.966271508665883111e-05 8.218548494656754901e-05 4.564092442249757277e-03 -1.531540613448371946e-02 -1.591797194548646120e-03 9.285482140386679345e-04 -1.712126775656024340e-04 6.730761728766268505e-04 4.387589598571423721e+01 -3.991972557368729246e-01 -6.141651238984282557e-01 -4.263193443232355384e-01 2.220447180672150689e-01 5.104594113265856770e-01 -5.376579189277108206e+00 -3.225818475362729032e+01 3.521853917599812434e+01 2.019291790232781381e+00 -1.297649378135299258e+01 -5.436267896505328423e+01 3.152797720557472781e-03 1.200338981186164665e-03 9.024794785156834342e-04 -2.071114850511459639e-03 5.755560820145027255e-03 3.038902396203153888e-02
-1.395948105156254836e-05 9.625755951364438345e-05 1.823792389727650997e-07 7.374935260475292957e-07 -5.664726755070499310e-06 -2.778815514388763373e-04 1.070897912819133773e-03 -1.461293048189010565e-05 -8.166094457227431050e-06 5.802543805309695901e-06 -4.614634038508566052e-06 -3.991972557368729246e-01 8.199589805374639384e-02 -4.423877821934315419e-02 5.110826027823449358e-02 -4.978061352095707504e-05 1.086875353787508311e-02 1.021128726213320209e-01 1.260087890634968011e-01 -6.419976904669355555e-01 9.357751880254754351e-01 1.741767701421433445e+00 6.618566012919256947e-01 -4.141725499683372063e-05 1.164287746341113899e-04 -4.514493952372787475e-06 4.317288883956231330e-06 -4.978408239146104100e-04 -1.440768838790248236e-03
7.227131373586366623e-04 8.093976748846354839e-04 -6.763190795084796110e-06 1.773920177693270441e-05 -7.082128801359229659e-05 -1.098458521857910040e-03 8.860246542126604466e-03 4.866687008911676376e-04 -2.890283502208006140e-05 8.688166524789667005e-05 -2.064051752907094107e-05 -6.141651238984281447e-01 -4.423877821934315419e-02 3.754137462319548924e+00 -2.584640648738936175e+00 -1.838411967208568309e-01 1.694044547123612632e-01 2.631081696083165333e+00 3.098290848092466465e+00 -3.015063755477094887e+01 -3.297431354227724043e+00 7.187020096192370033e+00 4.723695268793804303e+00 -1.286574152453610247e-03 -1.400422514004673097e-04 -3.713960898760880480e-03 2.293704371072292718e-04 9.469937730786797715e-04 -1.320167506207716498e-03
-1.400296595519120221e-03 -1.871834604527905553e-03 3.513994960297469158e-06 -2.387800844164523787e-05 6.768424508568827340e-05 1.473765299562276171e-03 -1.052934615822469222e-02 -5.604246102862878815e-04 1.006209158581190756e-04 -6.064771136526782931e-05 -5.209300518835995909e-06 -4.263193443232354829e-01 5.110826027823449358e-02 -2.584640648738936175e+00 5.473777796712163024e+00 1.213555971242475801e-01 -1.993578765664636987e-01 -1.930205781435031076e+00 -1.931820371095489985e+00 1.347573478332466479e+01 -4.694493384712639106e+00 -1.109331126840266180e+01 -8.438049269721565437e+00 1.594618815708392229e-03 -5.787396105745054413e-04 1.231274062622423173e-03 -1.648043198244766600e-03 -5.337569931898412728e-04 -1.296538419357049160e-03
-4.011176985823218608e-04 2.633214394205890627e-04 1.148796475745499043e-06 -2.363034980183063636e-06 2.458954814086458128e-05 2.070067048919913347e-03 -9.700787062158324273e-03 -6.840409852107029399e-05 -3.373517500170485212e-06 1.751425150613751807e-04 -1.262234816194348580e-06 2.220447180672151244e-01 -4.978061352095591630e-05 -1.838411967208568865e-01 1.213555971242476078e-01 3.285976459210329104e+00 5.454031539426426045e-01 2.012152424324769595e-01 1.472139727129242459e-01 -6.790155762774537251e+00 -5.131833211631875447e-01 -7.682007503541331550e-01 -7.705853563439563070e-01 -4.479423809176325618e-04 -1.923872559616651115e-04 -1.525970734874211208e-04 -7.979284911489939198e-04 -8.653485855572159383e-04 -2.576738027660454081e-04
-5.078850925645488198e-04 -3.790740377337759796e-04 -1.813145403380778268e-06 -9.204915997801486357e-06 2.641574410844370604e-05 -2.972505405426286037e-04 -6.227568285946464806e-04 -1.649219962643353810e-04 1.667322799600066225e-04 -1.798769810732229427e-04 -6.088032605617981765e-05 5.104594113265856770e-01 1.086875353787507964e-02 1.694044547123612354e-01 -1.993578765664637265e-01 5.454031539426427155e-01 3.082102992977562739e+00 2.617867323592197870e+00 2.585916145229303353e+00 5.082840219816329608e+00 -1.292865885116152080e+00 -5.240845260510079706e-01 -1.005359417024578539e+00 4.629007223552728499e-04 2.752034214393235577e-04 -7.164789913043186813e-04 -6.268489586379888141e-04 -4.334745366954000805e-04 5.759597275431408564e-03
-5.920370792049053400e-04 -3.417018039662227244e-04 -1.375362263444748969e-05 -1.394493049620602358e-05 -1.899017691994658782e-06 1.292369570668225592e-03 -4.988707385421124046e-03 -3.404042816516191709e-04 3.592372282396834359e-04 -3.133345947216497268e-05 3.956307233828896186e-04 -5.376579189277108206e+00 1.021128726213320209e-01 2.631081696083165333e+00 -1.930205781435031076e+00 2.012152424324769595e-01 2.617867323592197870e+00 1.054384989644696446e+01 1.859725781063961847e+01 -1.337146882454787367e+01 2.907223198450491264e+00 4.554212734064353008e+00 4.971837784445077624e+00 -9.582206765381291996e-04 4.783228147290595998e-04 -8.515802907074517328e-03 6.767004806239745613e-04 -1.190986475133597611e-03 -9.272876349795128184e-04
1.810877307675075104e-05 1.265203529193224298e-03 -1.152483866061609049e-05 -2.578565811540406530e-06 -4.331464626300543720e-05 2.080232469067478654e-04 -1.135798211975230592e-04 -7.583512371828032275e-04 1.003803714204512965e-03 3.852859424817527926e-05 9.453691534569260346e-04 -3.225818475362729032e+01 1.260087890634968288e-01 3.098290848092466465e+00 -1.931820371095489985e+00 1.472139727129243014e-01 2.585916145229303353e+00 1.859725781063961847e+01 5.200703402584019130e+01 -2.416321815441545695e+01 3.234820450367397182e+00 7.192765502120281873e+00 3.217301508381553532e+01 -2.970977362525854468e-03 -6.193006751793999481e-04 -1.155268817768359720e-02 3.876875718694609146e-03 -3.211484007327172416e-03 -1.840104582955370133e-02
-9.372743990682946488e-03 -2.124682860618506280e-02 1.318112868241800437e-05 -3.271763297515064141e-04 7.783074571301512243e-04 6.473442863100717891e-03 -7.578264456710698260e-02 -8.164112120475422452e-03 5.074302899060289043e-03 3.692530016932775352e-03 4.465941138947424603e-04 3.521853917599812434e+01 -6.419976904669355555e-01 -3.015063755477094887e+01 1.347573478332466479e+01 -6.790155762774537251e+00 5.082840219816329608e+00 -1.337146882454787367e+01 -2.416321815441545695e+01 7.764341089080051006e+02 6.858399313920867257e+01 -5.515759220615802860e+01 -5.809096282121068811e+01 -2.934311064747429417e-03 5.951481919520577521e-03 4.838050062940035811e-02 1.368070395210382005e-02 -1.405003094745054665e-02 -7.437968686386446648e-02
-7.084068356676861446e-03 -6.295220600756538075e-03 -1.876848786461349155e-05 -2.040717352838525810e-04 5.155986249519785465e-04 6.638148345738804738e-03 -6.783709256854286718e-02 -4.772797214554771149e-03 6.708794992398457377e-04 9.368262002202016432e-05 8.616387626026425397e-05 2.019291790232781381e+00 9.357751880254754351e-01 -3.297431354227724487e+00 -4.694493384712639106e+00 -5.131833211631875447e-01 -1.292865885116152080e+00 2.907223198450491264e+00 3.234820450367397626e+00 6.858399313920867257e+01 6.151515979413822777e+01 4.115766554637598773e+01 1.530405376422313424e+01 -3.366985831948826960e-03 2.745078988731382112e-03 8.626562540128578094e-03 8.846384178479785310e-04 -3.563050621911465366e-03 -8.115911450123145096e-04
-2.995839904700434934e-03 1.212748794394462792e-03 -2.085624918689416336e-05 -7.799145381235381754e-05 1.403379183644481358e-04 -5.317045025065214071e-03 -1.324378958328898629e-03 -2.283417667058407902e-03 -1.690733254771694121e-04 4.070184439224026202e-04 -3.764982945544460054e-04 -1.297649378135299258e+01 1.741767701421433445e+00 7.187020096192370033e+00 -1.109331126840266180e+01 -7.682007503541331550e-01 -5.240845260510079706e-01 4.554212734064353008e+00 7.192765502120281873e+00 -5.515759220615802860e+01 4.115766554637598773e+01 8.600504099259494240e+01 5.258650933055096743e+01 -4.910272385143555317e-03 2.678275367118424996e-03 6.410790163361329216e-03 5.879093563613840443e-04 -7.671231486692091719e-03 -2.950601677172406609e-02
6.706483212696025351e-04 4.698437953237026392e-03 -2.259626498522649863e-05 -7.093536877208850985e-06 -2.653344521659048917e-06 -9.804024518330801616e-03 2.785012558837822449e-02 -1.130762083494355093e-03 1.215077544492737933e-04 4.037473115937387485e-04 -1.264262419090072696e-03 -5.436267896505328423e+01 6.618566012919256947e-01 4.723695268793804303e+00 -8.438049269721565437e+00 -7.705853563439563070e-01 -1.005359417024578539e+00 4.971837784445077624e+00 3.217301508381553532e+01 -5.809096282121068811e+01 1.530405376422313424e+01 5.258650933055096743e+01 1.021173165044374826e+02 -7.478226262869577812e-03 4.930910535153482663e-04 8.268736790384194346e-03 5.401232867015271812e-03 -2.112266713399346772e-03 -3.374407744507144230e-02
3.501678495643949909e-06 -1.674612679559740721e-06 -1.028631520173975090e-08 -4.610918416092369865e-08 6.402398749050590854e-07 -4.144336073251817301e-05 7.527313785289585577e-05 7.060490798355726380e-07 1.936116473208270862e-07 -3.306832410490293883e-07 2.182263881797192844e-07 3.152797720557472781e-03 -4.141725499683367320e-05 -1.286574152453610681e-03 1.594618815708392229e-03 -4.479423809176327244e-04 4.629007223552731210e-04 -9.582206765381295248e-04 -2.970977362525855769e-03 -2.934311064747427249e-03 -3.366985831948826960e-03 -4.910272385143555317e-03 -7.478226262869576944e-03 1.435363904833286686e-03 2.520899054469216954e-04 7.191235498913918403e-05 -3.929040847998245697e-04 -1.076588884946810723e-04 -1.077583665262201080e-04
8.160654457496354454e-06 4.555785479587006265e-08 -5.661189348804264278e-08 -9.064025921932541361e-08 -1.689037382573353500e-07 -3.001284391685092812e-05 1.229947137433714209e-04 4.219712005601577885e-06 4.687051455544084986e-08 -2.900900813696787435e-07 -1.039021160078751930e-07 1.200338981186164231e-03 1.164287746341113763e-04 -1.400422514004674994e-04 -5.787396105745053329e-04 -1.923872559616651929e-04 2.752034214393235035e-04 4.783228147290594372e-04 -6.193006751794000566e-04 5.951481919520575786e-03 2.745078988731382980e-03 2.678275367118423695e-03 4.930910535153482663e-04 2.520899054469216954e-04 8.530415477498837738e-04 1.854501156562352957e-05 7.382739916793961635e-04 2.860804775377698782e-05 -7.765828043022014997e-04
-2.436185859229308461e-06 -2.411975724210840876e-06 2.831577014259400739e-07 -8.493537742627215332e-08 -4.246981578575827255e-08 -1.181982581064896374e-05 1.361500359749899438e-04 -1.608907117859997047e-06 -3.031638214222981887e-07 1.841600141925168251e-07 1.924275505465345524e-07 9.024794785156822416e-04 -4.514493952372765452e-06 -3.713960898760879179e-03 1.231274062622422739e-03 -1.525970734874205787e-04 -7.164789913043186813e-04 -8.515802907074517328e-03 -1.155268817768359720e-02 4.838050062940034424e-02 8.626562540128581563e-03 6.410790163361326614e-03 8.268736790384199550e-03 7.191235498913918403e-05 1.854501156562352279e-05 7.069263873641513408e-03 -2.999917984380670675e-04 5.382750514572482445e-04 4.046005972480475575e-03
-4.411673126941038114e-06 2.819624353277177774e-06 -9.866460090662437062e-08 -2.634104799188413215e-07 2.809181936591983221e-07 2.263572990696477712e-05 -2.121830029543491383e-05 -2.886392603253349215e-06 7.366003093668193977e-07 1.613661800312826820e-07 -2.113559677397566244e-08 -2.071114850511459639e-03 4.317288883956231330e-06 2.293704371072291092e-04 -1.648043198244765950e-03 -7.979284911489940282e-04 -6.268489586379889225e-04 6.767004806239748866e-04 3.876875718694609580e-03 1.368070395210381311e-02 8.846384178479775552e-04 5.879093563613835022e-04 5.401232867015271812e-03 -3.929040847998245697e-04 7.382739916793961635e-04 -2.999917984380670675e-04 2.931596898924050936e-03 4.547986462144143547e-04 -1.063685408837140118e-03
-2.180532363724332581e-05 -7.569989360961982405e-07 -2.343030079987326597e-07 -4.416012626109686325e-07 -2.703176025519105065e-07 2.685541441892021065e-05 -7.202283781291647831e-05 -1.309408866962111317e-05 3.812282513448064228e-06 1.978609027512569625e-07 4.537934901840427329e-07 5.755560820145027255e-03 -4.978408239146104100e-04 9.469937730786796631e-04 -5.337569931898414896e-04 -8.653485855572156131e-04 -4.334745366954000805e-04 -1.190986475133597178e-03 -3.211484007327171115e-03 -1.405003094745054665e-02 -3.563050621911459728e-03 -7.671231486692092587e-03 -2.112266713399349807e-03 -1.076588884946810723e-04 2.860804775377698105e-05 5.382750514572482445e-04 4.547986462144143547e-04 6.405922356900028286e-03 7.826595839032264232e-03
-9.697896480778057230e-06 -1.260009906877670748e-05 -8.467211024032917371e-07 -1.672736863378105010e-06 5.225749400268369101e-06 7.554091123062562176e-05 -8.469669167535792947e-04 -1.094698206629623318e-05 5.823407101168161706e-06 -1.846243901192388827e-06 -2.382063429531957689e-06 3.038902396203153888e-02 -1.440768838790248019e-03 -1.320167506207715197e-03 -1.296538419357048076e-03 -2.576738027660460044e-04 5.759597275431406829e-03 -9.272876349795110837e-04 -1.840104582955369786e-02 -7.437968686386448036e-02 -8.115911450123110401e-04 -2.950601677172405915e-02 -3.374407744507144230e-02 -1.077583665262201216e-04 -7.765828043022014997e-04 4.046005972480475575e-03 -1.063685408837140118e-03 7.826595839032264232e-03 7.282238579702185466e-02
