# logA ns theta_MC_100 ombh2 omch2 w wa tau A_planck calib_100T calib_217T A_cib_217 xi_sz_cib A_sz ksz_norm gal545_A_100 gal545_A_143 gal545_A_143_217 gal545_A_217 ps_A_100_100 ps_A_143_143 ps_A_143_217 ps_A_217_217 galf_TE_A_100 galf_TE_A_100_143 galf_TE_A_100_217 galf_TE_A_143 galf_TE_A_143_217 galf_TE_A_217
1.548995051883937852e-04 1.126517455486864496e-05 2.779638412029248402e-07 4.208341344410819298e-07 -4.113660665059813266e-06 -1.015702329522761535e-04 7.791228534088595701e-04 8.101467965256534099e-05 1.439516130142412926e-06 1.896564442176564551e-07 -1.355791528886456061e-07 7.169371377853918197e-03 2.303775555826948201e-04 9.456947151699194492e-04 -8.535594360944163744e-04 -1.441228592523410184e-04 -3.598247432170776055e-05 -9.415984870075661982e-04 -7.510955415971529506e-03 -7.526861969514297111e-03 -5.659313714159331515e-03 1.053448610154574883e-03 -8.609545898794300836e-03 -7.881305584397280652e-06 -7.963485700904159682e-06 1.881540580033718620e-05 -4.788689915045437750e-06 4.898443040157194741e-06 -9.493753224699323314e-06
1.126517455486864496e-05 1.297593476408291779e-05 1.782794644309231879e-07 1.363510103972115323e-07 -1.991058214514155480e-06 -3.591161155683542794e-05 2.863766906247578185e-04 7.347978851165312282e-06 1.331054553408752103e-06 -5.873015035473667566e-08 -2.353643523506440012e-07 -3.689432450973373530e-03 6.720094848843394294e-06 5.146695466838426599e-04 -1.742655749538519865e-03 3.048709493325622681e-04 -3.611831958819871182e-04 -1.175338299752060360e-03 2.735620178015746683e-05 -1.736818381456150737e-02 -6.637310211170651710e-03 -5.216894617896448115e-04 4.633402204792633379e-03 1.578198122089460815e-06 -6.882787033904794092e-06 -1.233994891223782290e-05 -8.912693633007155212e-06 -6.912300974306654954e-06 -1.845094315205890147e-05
2.779638412029248402e-07 1.782794644309231879e-07 9.225246375993997059e-08 1.019425516900512434e-08 -2.726269570986187684e-08 -3.180697868345036530e-06 1.673712932573616458e-05 7.263594588293367281e-08 4.728168462134495384e-08 5.220726627657011850e-09 -7.031292403491023921e-09 1.009245124281391308e-04 2.251408084304913067e-06 -5.505134609989484259e-05 4.124667793562076531e-05 -1.187237158000821862e-05 6.219062442706185994e-06 -6.133559145351768073e-05 -1.585507802988866261e-04 6.888369865178958730e-04 4.064460458763239167e-05 -1.051196429680847200e-04 -1.996924957063369113e-04 -1.175569261153545133e-07 -1.574285919388461555e-07 1.094338826219823546e-06 -6.943764803858806468e-08 -4.595193573287488110e-07 2.034821811356127390e-06
4.208341344410819298e-07 1.363510103972115323e-07 1.019425516900512434e-08 1.619179599021679079e-08 -4.792871166764890766e-08 -1.155452999807123997e-06 9.011224736571506002e-06 1.910048536761215557e-07 4.241574671175924369e-08 2.324449794759077224e-09 -4.765146657024072412e-09 -3.187258706806242600e-05 1.221890606422800856e-07 1.171905387911903549e-05 -1.227215409949616950e-05 -6.711930758410017561e-07 1.444219468088527410e-06 -2.110404959332153169e-05 -2.336972646446707971e-05 -3.406785390044391381e-04 -2.001081345568541325e-04 -1.038543665524134074e-04 -3.543169064699251095e-05 6.154510762411828454e-08 9.259175150330231485e-08 -1.040961155490610648e-07 -2.752522748970727123e-07 -6.402702700317146360e-08 -1.407455747671090819e-06
-4.113660665059813266e-06 -1.991058214514155480e-06 -2.726269570986187684e-08 -4.792871166764890766e-08 7.898611711959934907e-07 1.187502812388096452e-05 -1.036044802928729163e-04 -2.468057659598726050e-06 -5.656672974384904255e-07 1.734886525429984986e-08 2.349612213951353606e-08 -2.783166444110180058e-04 1.309914502812583346e-05 2.266857535364550852e-05 1.157991743479754899e-04 3.290726388884053482e-06 1.224346511464815897e-05 1.278474121063639241e-04 2.472423831944254658e-04 -1.625037142757346817e-04 5.552742402321050657e-04 6.720059810178488115e-04 2.911049692019177610e-04 5.938162013373020088e-07 1.265803449618472895e-06 -1.069355145210547303e-06 2.073572903797545895e-06 9.971038468268700989e-07 -4.418357412416846098e-06
-1.015702329522761535e-04 -3.591161155683542794e-05 -3.180697868345036530e-06 -1.155452999807123997e-06 1.187502812388096452e-05 2.955660471455153707e-03 -1.000160269056202776e-02 -5.550857529297787888e-05 -6.434482535145072009e-06 4.876393478370924909e-07 1.275679096508299232e-07 -1.425617370085035217e-03 2.779277955002006011e-05 5.492019914067918689e-04 5.650389440036159873e-03 -4.413512136823780248e-03 4.531542067151003023e-03 7.876481586004084948e-03 8.658631581392734269e-03 6.919368939117356322e-03 2.349706821147188891e-03 3.429555968890729838e-04 2.806932345348575088e-03 1.648488660543758223e-05 3.525642405005304279e-05 -6.114772542335866030e-05 -4.610755127993778707e-05 2.388766976310061942e-04 -7.061923647079810639e-04
7.791228534088595701e-04 2.863766906247578185e-04 1.673712932573616458e-05 9.011224736571506002e-06 -1.036044802928729163e-04 -1.000160269056202776e-02 4.382809721892430566e-02 4.381125159193648968e-04 6.761787037794860129e-05 -2.350221186718177582e-06 -4.276235439477734358e-06 3.618721015679390168e-02 -1.167350180869392105e-03 -3.845291009259779388e-03 -2.615841651716133143e-02 7.482761738228948557e-03 -1.665940222499718779e-02 -4.217662698304491115e-02 -7.266780753278849481e-02 -5.433424378223621065e-02 -5.918489618049098400e-02 -5.964442541515489749e-02 -3.958207946306764591e-02 2.279563945529587156e-06 -2.174789890589485185e-04 3.675158991953269834e-04 -1.747619155187970065e-04 -9.314186921695365769e-04 2.737328216679350921e-03
8.101467965256534099e-05 7.347978851165312282e-06 7.263594588293365958e-08 1.910048536761215557e-07 -2.468057659598726050e-06 -5.550857529297787888e-05 4.381125159193648968e-04 4.721838831100457455e-05 -2.989672108858760945e-06 -1.258433082013738606e-08 -4.881235405368894608e-08 3.646546136380101732e-03 9.681979338011278264e-05 2.904562542495778515e-04 -2.742641859847673837e-04 7.927324340720115828e-05 1.706186294648638711e-04 -6.619995387452054861e-04 -4.818199927122284766e-03 -3.521256273079169906e-03 -3.168624367453728129e-03 -3.227650240708008849e-04 -5.539759319934341175e-03 -7.030413657480357835e-06 -5.874637883939449256e-06 1.389170200048229206e-05 -1.330675175348003349e-06 2.242287650735287168e-07 5.019819964141449197e-06
1.439516130142412926e-06 1.331054553408752103e-06 4.728168462134495384e-08 4.241574671175924369e-08 -5.656672974384904255e-07 -6.434482535145072009e-06 6.761787037794860129e-05 -2.989672108858760945e-06 4.454343206514882627e-06 2.481987331930396115e-08 -4.978276745055111006e-08 1.065999123937241095e-03 -1.898275426844786304e-05 6.090467090580374326e-05 9.623681380884819593e-05 3.482297355596204080e-07 9.856318118815258719e-05 1.512157555078402706e-04 5.245316508672982726e-04 3.438909054080198629e-03 -3.412629422820161402e-04 -8.366776632601477309e-04 -3.679126222090511791e-04 2.341023666861773642e-06 -6.543653130025723272e-07 -2.545190254861738509e-06 -4.564915949574820545e-06 8.659575719857759744e-07 -2.786947393270671626e-07
1.896564442176564551e-07 -5.873015035473667566e-08 5.220726627657011850e-09 2.324449794759077224e-09 1.734886525429984986e-08 4.876393478370924909e-07 -2.350221186718177582e-06 -1.258433082013738606e-08 2.481987331930396115e-08 3.982485725374572983e-07 -1.474936740724557723e-09 -7.024253861445729796e-05 6.470061290991186178e-06 1.863925736254176603e-04 -1.356906804874665569e-04 1.703547038179172794e-04 -2.177998233299111854e-04 -4.043370851474756739e-05 -8.951933060230899178e-05 3.125469795174281099e-03 6.312717835058501321e-06 5.631294807333064563e-04 4.098972666354676613e-04 4.366061442322077215e-08 -2.944436625945631613e-07 -2.491408814479524812e-06 2.786967915231957148e-07 -1.412359331438417250e-06 -9.187027237358065285e-06
-1.355791528886456061e-07 -2.353643523506440012e-07 -7.031292403491023921e-09 -4.765146657024072412e-09 2.349612213951353606e-08 1.275679096508299232e-07 -4.276235439477734358e-06 -4.881235405368894608e-08 -4.978276745055111006e-08 -1.474936740724557723e-09 3.710409579598738260e-07 6.890104253074443106e-04 5.856957554681730205e-06 -6.962151406246436583e-05 1.851226814200196134e-05 -7.280175681628817317e-06 -7.396100769121249994e-05 3.820640961156759581e-04 8.662435784773492948e-04 7.411490480302025110e-04 3.928395366405284801e-04 -2.128836167954439038e-04 -1.205987766992784767e-03 -3.048542327453278277e-07 5.219718568490336564e-07 8.229313723019737821e-07 3.325483608825772323e-07 9.983940415678563171e-07 2.729226545982086847e-07
7.169371377853918197e-03 -3.689432450973373530e-03 1.009245124281391308e-04 -3.187258706806242600e-05 -2.783166444110180058e-04 -1.425617370085035217e-03 3.618721015679387393e-02 3.646546136380102599e-03 1.065999123937241095e-03 -7.024253861445729796e-05 6.890104253074443106e-04 4.531607610847178336e+01 -3.269549074309741066e-01 -1.252428018844968793e+00 -2.520009052323102794e-01 8.235069614597690935e-01 2.740507726863738447e-01 -6.372281090785786972e+00 -3.478222472398213228e+01 4.588591216121031380e+01 3.766730534190783075e+00 -1.181442140635155269e+01 -5.494548466741239423e+01 -3.065716403663194464e-03 -1.104356853024768574e-03 3.659472667179828470e-02 2.541144827936748845e-04 3.098081402976835333e-02 1.474654879493995652e-01
2.303775555826948201e-04 6.720094848843394294e-06 2.251408084304913490e-06 1.221890606422800856e-07 1.309914502812583007e-05 2.779277955002010416e-05 -1.167350180869392105e-03 9.681979338011278264e-05 -1.898275426844786304e-05 6.470061290991187872e-06 5.856957554681730205e-06 -3.269549074309741066e-01 7.848926863963985590e-02 -4.947712089754273401e-02 4.324575511098551622e-02 9.650078256667382962e-03 3.838788964047531310e-02 1.503880513352120474e-01 1.554390977973611199e-01 -4.189074612574020251e-01 1.057083011389320149e+00 1.694334683467184188e+00 5.917687623294975996e-01 1.346102776209835076e-04 5.202339799866623942e-04 5.325075542817972072e-04 7.508434408565940223e-04 7.472244602470789739e-05 -2.476074047585129397e-03
9.456947151699194492e-04 5.146695466838426599e-04 -5.505134609989484259e-05 1.171905387911903549e-05 2.266857535364550174e-05 5.492019914067915436e-04 -3.845291009259781990e-03 2.904562542495778515e-04 6.090467090580372293e-05 1.863925736254176603e-04 -6.962151406246436583e-05 -1.252428018844969015e+00 -4.947712089754272013e-02 3.722093433924057226e+00 -2.495566585396416848e+00 -2.083656772997453943e-01 -1.016388863031087164e-01 2.484652840693131193e+00 3.600137088590960044e+00 -2.925598423819674565e+01 -3.641419528126081495e+00 6.647785205780274431e+00 5.118149586676581819e+00 -9.065610753545129494e-04 -3.418194674976216571e-04 -1.065454139594293470e-02 6.768185394012116141e-05 1.171128433188813609e-03 -2.943154715527941667e-02
-8.535594360944163744e-04 -1.742655749538519865e-03 4.124667793562076531e-05 -1.227215409949617627e-05 1.157991743479755035e-04 5.650389440036159873e-03 -2.615841651716132449e-02 -2.742641859847674379e-04 9.623681380884819593e-05 -1.356906804874665569e-04 1.851226814200195456e-05 -2.520009052323102794e-01 4.324575511098550928e-02 -2.495566585396416848e+00 5.491516169656205371e+00 3.416853278266039629e-02 9.374281743366623398e-02 -1.932477588231067633e+00 -2.494603933025794973e+00 1.063526918353922746e+01 -5.173424143189956581e+00 -1.086914613285039799e+01 -8.320052268558859154e+00 -1.721428331717344889e-03 2.532414806310028920e-03 4.737090431463035663e-03 1.079179974342647568e-03 -6.387471620679549891e-03 1.823357464262555586e-02
-1.441228592523411268e-04 3.048709493325622681e-04 -1.187237158000822370e-05 -6.711930758410017561e-07 3.290726388884050517e-06 -4.413512136823780248e-03 7.482761738228948557e-03 7.927324340720123960e-05 3.482297355596204080e-07 1.703547038179172794e-04 -7.280175681628819858e-06 8.235069614597688714e-01 9.650078256667382962e-03 -2.083656772997454498e-01 3.416853278266039629e-02 3.268637950084372079e+00 6.273737440728388570e-01 1.861832494944651029e-01 -4.593318624166322639e-01 -5.682746564937193767e+00 -4.224892784836948301e-01 -4.825892300002100344e-01 -1.465700504799176462e+00 -2.994000397519940818e-04 -1.101116362359291952e-03 2.056641672831920932e-03 -4.617180470815557790e-03 1.031804540462589711e-03 3.843014786198056050e-04
-3.598247432170776055e-05 -3.611831958819870640e-04 6.219062442706185994e-06 1.444219468088524658e-06 1.224346511464815897e-05 4.531542067151003023e-03 -1.665940222499718432e-02 1.706186294648638711e-04 9.856318118815258719e-05 -2.177998233299111854e-04 -7.396100769121248639e-05 2.740507726863738447e-01 3.838788964047531310e-02 -1.016388863031087164e-01 9.374281743366628949e-02 6.273737440728388570e-01 3.472942395512056191e+00 2.886299676817517312e+00 3.029863856927421661e+00 7.553345401269982773e+00 -1.798675857251607058e+00 -1.256332631178032733e+00 -1.497187430238524630e+00 5.948241885350651461e-04 1.605999033738827802e-03 7.154093184919394291e-03 -9.052562802331186190e-04 1.277702420232916525e-03 1.482131876777461211e-03
-9.415984870075658729e-04 -1.175338299752060360e-03 -6.133559145351769428e-05 -2.110404959332153169e-05 1.278474121063639241e-04 7.876481586004084948e-03 -4.217662698304489727e-02 -6.619995387452054861e-04 1.512157555078402706e-04 -4.043370851474756739e-05 3.820640961156759581e-04 -6.372281090785786972e+00 1.503880513352120751e-01 2.484652840693131193e+00 -1.932477588231067633e+00 1.861832494944651861e-01 2.886299676817517312e+00 1.114181986217529818e+01 2.008102343217502650e+01 -1.393820562466259361e+01 3.350351083559730991e+00 4.965458981140209893e+00 6.031098794794019113e+00 2.915833426021508488e-03 2.847580842783297306e-03 -5.182115757234004826e-03 -1.451949120422648916e-04 -6.876734713395297495e-03 -4.419733344579195033e-02
-7.510955415971529506e-03 2.735620178015746683e-05 -1.585507802988866261e-04 -2.336972646446707971e-05 2.472423831944254658e-04 8.658631581392734269e-03 -7.266780753278849481e-02 -4.818199927122284766e-03 5.245316508672982726e-04 -8.951933060230896468e-05 8.662435784773492948e-04 -3.478222472398213228e+01 1.554390977973611199e-01 3.600137088590960044e+00 -2.494603933025794973e+00 -4.593318624166322639e-01 3.029863856927421661e+00 2.008102343217502650e+01 5.580119226004195099e+01 -3.465938025263841382e+01 2.665828664190580177e+00 8.158229353749662849e+00 3.507898507419601231e+01 5.376572094967492672e-03 2.792832359369848850e-03 -2.359643416167123489e-02 -4.256758342916157518e-03 -2.539661462143561962e-02 -1.597000342097604220e-01
-7.526861969514298846e-03 -1.736818381456150737e-02 6.888369865178958730e-04 -3.406785390044391381e-04 -1.625037142757346817e-04 6.919368939117351118e-03 -5.433424378223625228e-02 -3.521256273079169906e-03 3.438909054080198629e-03 3.125469795174281099e-03 7.411490480302025110e-04 4.588591216121031380e+01 -4.189074612574020251e-01 -2.925598423819674565e+01 1.063526918353922746e+01 -5.682746564937192879e+00 7.553345401269982773e+00 -1.393820562466259361e+01 -3.465938025263841382e+01 7.825716940588663419e+02 7.080335990979151006e+01 -4.530576979497110557e+01 -6.197702525074461022e+01 -9.430141673053947168e-03 -2.531757027837746102e-02 1.218595237390424496e-01 -5.259998142081948047e-02 4.287852756651862329e-02 2.231556273147753400e-01
-5.659313714159333250e-03 -6.637310211170650842e-03 4.064460458763239167e-05 -2.001081345568541325e-04 5.552742402321050657e-04 2.349706821147191059e-03 -5.918489618049099787e-02 -3.168624367453728129e-03 -3.412629422820161402e-04 6.312717835058479299e-06 3.928395366405284801e-04 3.766730534190782187e+00 1.057083011389320149e+00 -3.641419528126082383e+00 -5.173424143189957469e+00 -4.224892784836948301e-01 -1.798675857251607058e+00 3.350351083559730991e+00 2.665828664190580177e+00 7.080335990979149585e+01 6.591617462781775316e+01 4.338784485325476936e+01 1.376462417787829295e+01 -1.828164995007748247e-03 -2.802992929399434827e-04 1.743199210234089996e-02 1.485514581925076634e-02 7.945465206407239037e-03 -7.411708011303109848e-03
1.053448610154574883e-03 -5.216894617896447031e-04 -1.051196429680847200e-04 -1.038543665524134074e-04 6.720059810178488115e-04 3.429555968890702191e-04 -5.964442541515490442e-02 -3.227650240708008849e-04 -8.366776632601476225e-04 5.631294807333065647e-04 -2.128836167954439580e-04 -1.181442140635155269e+01 1.694334683467184188e+00 6.647785205780274431e+00 -1.086914613285039799e+01 -4.825892300002099788e-01 -1.256332631178032511e+00 4.965458981140209005e+00 8.158229353749662849e+00 -4.530576979497110557e+01 4.338784485325476936e+01 8.211542134981766594e+01 4.911451530695289591e+01 -7.297637501733217087e-04 3.630361258475314095e-04 -8.010601441463973890e-03 1.928737634445639934e-02 1.616973823469661231e-02 -9.360788008237207192e-02
-8.609545898794300836e-03 4.633402204792633379e-03 -1.996924957063369113e-04 -3.543169064699251095e-05 2.911049692019177610e-04 2.806932345348575088e-03 -3.958207946306763203e-02 -5.539759319934341175e-03 -3.679126222090512875e-04 4.098972666354676613e-04 -1.205987766992784767e-03 -5.494548466741239423e+01 5.917687623294975996e-01 5.118149586676581819e+00 -8.320052268558860931e+00 -1.465700504799176240e+00 -1.497187430238524630e+00 6.031098794794019113e+00 3.507898507419601231e+01 -6.197702525074461022e+01 1.376462417787829295e+01 4.911451530695289591e+01 9.981925767150006834e+01 1.910789241963480045e-03 -7.745374251703084773e-03 -5.451154119357828898e-02 -8.207118646372631643e-04 -1.562966976568795976e-02 -1.500327632584052273e-01
-7.881305584397280652e-06 1.578198122089459544e-06 -1.175569261153545530e-07 6.154510762411828454e-08 5.938162013373015853e-07 1.648488660543758223e-05 2.279563945529608332e-06 -7.030413657480357835e-06 2.341023666861774065e-06 4.366061442322071259e-08 -3.048542327453281453e-07 -3.065716403663195332e-03 1.346102776209835076e-04 -9.065610753545131663e-04 -1.721428331717345540e-03 -2.994000397519941360e-04 5.948241885350653629e-04 2.915833426021509356e-03 5.376572094967491805e-03 -9.430141673053947168e-03 -1.828164995007747814e-03 -7.297637501733223592e-04 1.910789241963480696e-03 1.479306530290536419e-03 3.230919926211605199e-04 -1.516661809319422879e-04 -3.083464528916933641e-04 -1.054848333883453486e-04 4.056772117711405666e-04
-7.963485700904159682e-06 -6.882787033904794092e-06 -1.574285919388461555e-07 9.259175150330231485e-08 1.265803449618473107e-06 3.525642405005304956e-05 -2.174789890589485185e-04 -5.874637883939450103e-06 -6.543653130025723272e-07 -2.944436625945632142e-07 5.219718568490336564e-07 -1.104356853024768574e-03 5.202339799866626110e-04 -3.418194674976216571e-04 2.532414806310028920e-03 -1.101116362359291952e-03 1.605999033738828019e-03 2.847580842783296439e-03 2.792832359369851018e-03 -2.531757027837746102e-02 -2.802992929399436453e-04 3.630361258475307590e-04 -7.745374251703084773e-03 3.230919926211604657e-04 9.050789650873836221e-04 1.088429036500321480e-04 7.616175113749778678e-04 2.902386407734932071e-05 -5.334940312780490782e-04
1.881540580033718620e-05 -1.233994891223782290e-05 1.094338826219823546e-06 -1.040961155490610383e-07 -1.069355145210547303e-06 -6.114772542335866030e-05 3.675158991953268750e-04 1.389170200048229206e-05 -2.545190254861738932e-06 -2.491408814479524812e-06 8.229313723019738879e-07 3.659472667179829164e-02 5.325075542817972072e-04 -1.065454139594293470e-02 4.737090431463035663e-03 2.056641672831920932e-03 7.154093184919394291e-03 -5.182115757234004826e-03 -2.359643416167123489e-02 1.218595237390424080e-01 1.743199210234090343e-02 -8.010601441463975625e-03 -5.451154119357828898e-02 -1.516661809319423150e-04 1.088429036500321480e-04 6.984241321049935308e-03 6.558754668767832914e-05 7.119454318241533273e-04 5.281397392358414163e-03
-4.788689915045436055e-06 -8.912693633007155212e-06 -6.943764803858811762e-08 -2.752522748970727123e-07 2.073572903797545472e-06 -4.610755127993780062e-05 -1.747619155187970065e-04 -1.330675175348003349e-06 -4.564915949574819698e-06 2.786967915231957678e-07 3.325483608825773382e-07 2.541144827936748845e-04 7.508434408565940223e-04 6.768185394012185259e-05 1.079179974342647135e-03 -4.617180470815557790e-03 -9.052562802331187274e-04 -1.451949120422655693e-04 -4.256758342916156651e-03 -5.259998142081948741e-02 1.485514581925076634e-02 1.928737634445640628e-02 -8.207118646372631643e-04 -3.083464528916933641e-04 7.616175113749778678e-04 6.558754668767832914e-05 2.881477996175905564e-03 5.145526685350812869e-04 -7.024303678160794418e-04
4.898443040157194741e-06 -6.912300974306654954e-06 -4.595193573287489699e-07 -6.402702700317145037e-08 9.971038468268700989e-07 2.388766976310061942e-04 -9.314186921695367938e-04 2.242287650735287168e-07 8.659575719857759744e-07 -1.412359331438417250e-06 9.983940415678565288e-07 3.098081402976835333e-02 7.472244602470759923e-05 1.171128433188814476e-03 -6.387471620679551626e-03 1.031804540462589711e-03 1.277702420232916958e-03 -6.876734713395299230e-03 -2.539661462143561962e-02 4.287852756651863023e-02 7.945465206407233832e-03 1.616973823469661231e-02 -1.562966976568795976e-02 -1.054848333883453486e-04 2.902386407734932071e-05 7.119454318241533273e-04 5.145526685350813954e-04 6.797191931019581045e-03 8.655102781267248399e-03
-9.493753224699323314e-06 -1.845094315205890147e-05 2.034821811356127390e-06 -1.407455747671090819e-06 -4.418357412416846098e-06 -7.061923647079810639e-04 2.737328216679350921e-03 5.019819964141449197e-06 -2.786947393270671626e-07 -9.187027237358065285e-06 2.729226545982093199e-07 1.474654879493995652e-01 -2.476074047585128529e-03 -2.943154715527941667e-02 1.823357464262555239e-02 3.843014786198056050e-04 1.482131876777461211e-03 -4.419733344579195033e-02 -1.597000342097604220e-01 2.231556273147753955e-01 -7.411708011303102042e-03 -9.360788008237207192e-02 -1.500327632584052273e-01 4.056772117711405666e-04 -5.334940312780491866e-04 5.281397392358414163e-03 -7.024303678160794418e-04 8.655102781267248399e-03 7.634969684123785183e-02
