# logA ns theta_MC_100 ombh2 omch2 w wa tau A_planck calib_100T calib_217T A_cib_217 xi_sz_cib A_sz ksz_norm gal545_A_100 gal545_A_143 gal545_A_143_217 gal545_A_217 ps_A_100_100 ps_A_143_143 ps_A_143_217 ps_A_217_217 galf_TE_A_100 galf_TE_A_100_143 galf_TE_A_100_217 galf_TE_A_143 galf_TE_A_143_217 galf_TE_A_217
1.704002590096099243e-04 1.149819095400171639e-05 5.994453221923548382e-07 4.166132997828878030e-07 -4.328064985890697968e-06 -4.579865213491282725e-04 1.719403624132667414e-03 8.806538234790754424e-05 1.519890817367357857e-06 -9.976644660958433154e-08 -3.634445314587597435e-08 -2.352667825115207188e-03 3.511121794713131995e-05 4.541205609944958346e-04 -1.661311573606148641e-03 -4.905270506051238660e-04 -4.270016770920356374e-04 -8.153320948985442020e-04 4.618424086042862710e-04 -6.712630775422669463e-03 -5.400467486150545109e-03 -3.057540136737495109e-04 2.251357040541787213e-03 3.793414535150523543e-06 1.152818647100511921e-05 -8.941713754381529051e-06 8.137799269958899775e-06 -4.137414530019242428e-06 -7.801420970933296319e-05
1.149819095400171639e-05 1.349394227012698200e-05 2.129859409731528109e-07 1.477229295120009888e-07 -1.887101424090044877e-06 -1.443995027825430274e-04 5.708816392807600270e-04 7.438152412091484592e-06 1.227419033541289418e-06 -7.608745370760515714e-08 -1.952868555860426049e-08 -3.985217010446884776e-03 1.061148140153740351e-04 1.034716640722793592e-03 -2.238432043593612929e-03 2.213515141406253669e-04 -4.864120266603169976e-04 -2.977770052323802218e-04 1.552963067062380041e-03 -2.221966482331924272e-02 -5.783343353606733989e-03 2.443038729663875135e-03 4.878739291880361886e-03 -7.928000603386088962e-07 1.073084858677968206e-06 -8.258543719047432664e-06 1.044961303507055809e-06 2.276201519637386964e-07 -3.157090965657944324e-05
5.994453221923548382e-07 2.129859409731528109e-07 8.133789887423861062e-08 1.002748123817569942e-08 -3.731207812028104283e-08 -8.531292094800576865e-06 3.125954715905383737e-05 2.563495609785019712e-07 4.611033644053074026e-08 -9.371694814228585394e-11 6.510358467942865358e-10 -2.029524305848987072e-05 -5.934801078643517623e-07 4.672642202901017684e-07 -1.011468614056926631e-05 4.725226798063381039e-06 -6.656225123568313875e-06 2.196849060073350895e-06 3.857022770906311080e-05 -1.211961993594981579e-04 -5.939670227923481652e-06 -1.720292062661411936e-05 1.665769222869196997e-05 -2.763137815757134925e-07 -1.232943771734706104e-07 6.737594764525889980e-08 -7.503225768335497299e-08 -1.199534319789664457e-07 -1.581385733810326385e-06
4.166132997828878030e-07 1.477229295120009888e-07 1.002748123817569942e-08 1.814733816094361413e-08 -5.152953742859343708e-08 -5.221495079770720725e-06 1.986244100432277193e-05 1.983794372765896914e-07 3.088336316515227307e-08 3.086537014216445734e-09 -1.777706279201900193e-09 -7.831084831299500520e-05 1.703862953084216122e-06 1.676271115492465510e-05 -3.046939449912221127e-05 2.753665146494748538e-06 -8.841225280102444779e-06 -1.452441203401444661e-05 1.462911209618372323e-05 -3.599701153106910469e-04 -1.883271128004249670e-04 -4.444478171020167264e-05 2.606054395823021952e-05 1.794397456203638391e-08 -4.436194089398883860e-08 -1.290876702581333882e-07 -2.639953286902586113e-07 -2.676141441775151263e-07 -1.692686894435600042e-06
-4.328064985890697968e-06 -1.887101424090044877e-06 -3.731207812028104283e-08 -5.152953742859343708e-08 7.855991892967845322e-07 6.718092219188973664e-05 -2.531238474089324763e-04 -2.494498908073568053e-06 -5.716799103532482472e-07 -2.085668780827400476e-09 9.902782040290570341e-10 1.716998512357776501e-04 -6.521209099123223389e-06 -3.775500022793963596e-05 7.931696579148282298e-05 8.475826658925276929e-06 4.052899470011141794e-05 7.134217384595479855e-05 -5.883311062090195543e-05 4.707892700551295122e-04 4.670296802760796526e-04 7.800517859270384043e-05 -1.685218194694371131e-04 -4.528527054317143767e-07 -7.183267116515014078e-07 4.320022472058308082e-07 3.325519283502351956e-08 8.911799179332337235e-07 1.126993972516516918e-05
-4.579865213491282725e-04 -1.443995027825430274e-04 -8.531292094800575171e-06 -5.221495079770720725e-06 6.718092219188973664e-05 4.399499263228843354e-02 -1.219161029601894541e-01 -2.295999768630280853e-04 -6.991880495813956311e-05 -5.100814151203534522e-07 7.872850133104729580e-07 1.382338446681394446e-03 6.670592740554022980e-04 -4.105557978668077806e-04 -1.081116234981553734e-05 3.037595943475980640e-03 1.110960431112010486e-03 7.873954445890117212e-03 -3.916943598844687367e-04 -4.625676976461893380e-02 4.165818617120960188e-02 4.544494164082936438e-02 2.180747918155649841e-03 2.054441647192113679e-05 1.677396429402745076e-05 1.984636411718564261e-04 1.189418201524296520e-04 -1.023048883038184980e-04 6.485597459005424444e-04
1.719403624132667414e-03 5.708816392807600270e-04 3.125954715905383737e-05 1.986244100432276854e-05 -2.531238474089324763e-04 -1.219161029601894541e-01 3.531347732643099202e-01 8.738919198311105975e-04 2.537117071885833523e-04 2.602780887551570179e-06 -2.772445035394439860e-06 -2.320174843361503744e-02 -1.242167955875549470e-03 5.308602404816084239e-03 -9.472257016617214101e-03 -8.779952448955961539e-03 -7.096894662653278896e-03 -2.902783137383851964e-02 1.039267063106685991e-02 8.525766348781468884e-02 -1.619212914729205588e-01 -1.301443663365373649e-01 1.322715143950739525e-02 -3.182428706088776807e-05 1.081376953339904404e-05 -6.390357890435858232e-04 -2.630778105279635011e-04 2.395756868390229216e-04 -2.903466010431841101e-03
8.806538234790754424e-05 7.438152412091484592e-06 2.563495609785019712e-07 1.983794372765896914e-07 -2.494498908073568477e-06 -2.295999768630280853e-04 8.738919198311105975e-04 5.041329818834139619e-05 -3.198420635591342231e-06 -8.643632791630241715e-08 -1.817303900698772654e-08 -1.228740389118530450e-03 1.615582581462312255e-05 3.345411655279571122e-04 -7.690164427190553965e-04 -1.547289120617189825e-04 -6.443238686111617611e-05 -2.501129256453597663e-04 -2.320434202418813065e-04 -5.566585958230059299e-03 -3.612967971260607879e-03 -7.635255686210220454e-04 -6.087455584518143602e-04 1.564843813069683537e-06 4.836877331872550077e-06 -9.576652190607617958e-07 3.909385617711832114e-06 -9.550432603375231223e-07 -3.689248916564550175e-05
1.519890817367357857e-06 1.227419033541289418e-06 4.611033644053074026e-08 3.088336316515227307e-08 -5.716799103532482472e-07 -6.991880495813954956e-05 2.537117071885832981e-04 -3.198420635591342231e-06 4.765654773771224462e-06 -2.731088142961815880e-08 5.812108180384965164e-09 6.566038803721536109e-04 -9.197956485235521195e-06 -5.875842442689489033e-05 1.690303230925244138e-04 3.135969402923413011e-05 6.226681857644957409e-05 1.413523074371559040e-05 5.985412121759729320e-04 3.966001322000282589e-03 5.037204743702119840e-04 -1.287510684702235784e-04 5.382153074870362494e-04 1.045239298240879232e-06 2.148115026812025820e-06 -4.142142500417338342e-06 1.009469364690063840e-06 -1.880105159162505581e-06 -1.671354377874249419e-05
-9.976644660958433154e-08 -7.608745370760515714e-08 -9.371694814228585394e-11 3.086537014216445734e-09 -2.085668780827400476e-09 -5.100814151203536640e-07 2.602780887551571026e-06 -8.643632791630241715e-08 -2.731088142961815880e-08 3.741893281431497213e-07 -5.338582174196505968e-10 -1.772349794645663014e-04 4.473428463445449372e-06 1.077590873998566216e-04 -7.541918180291806110e-05 1.793074501873899126e-04 -1.644727617514430448e-04 -2.625612645794756539e-05 3.591884154146729338e-05 3.769064228753021654e-03 7.479397178561877240e-05 4.295670462939083791e-04 4.169454290218251730e-04 1.283086690855604703e-07 4.559146795954761694e-08 -2.279602175740078950e-07 -7.566626153235534142e-08 -5.868461157036385342e-08 -2.554797203439092350e-06
-3.634445314587597435e-08 -1.952868555860426049e-08 6.510358467942865358e-10 -1.777706279201900193e-09 9.902782040290570341e-10 7.872850133104729580e-07 -2.772445035394439860e-06 -1.817303900698771992e-08 5.812108180384965164e-09 -5.338582174196505968e-10 3.806489562679706075e-07 6.542619925076387406e-04 6.743200824620781238e-07 -4.311290521096716109e-05 8.039985024016587433e-06 -7.610417396879943579e-06 -5.443041552473112477e-05 3.954439203899649141e-04 9.241508285044078676e-04 2.613776527901128465e-04 1.122364151283093329e-04 -3.525273182903607507e-04 -1.293217271411010137e-03 6.876435854344094132e-08 6.123812585969046397e-08 3.393817797053067661e-07 -1.335533129901769345e-07 1.197435461832957701e-07 -3.669688591513020014e-07
-2.352667825115207188e-03 -3.985217010446884776e-03 -2.029524305848987072e-05 -7.831084831299500520e-05 1.716998512357776772e-04 1.382338446681392061e-03 -2.320174843361502703e-02 -1.228740389118530667e-03 6.566038803721536109e-04 -1.772349794645663285e-04 6.542619925076387406e-04 4.446254282962141247e+01 -4.032872275817495078e-01 -7.304369220596653722e-01 -4.162058329366606912e-01 2.428073377409976363e-01 6.084489428015937840e-01 -5.745599321371531509e+00 -3.343403730258499706e+01 3.216574384080390558e+01 1.362616650220001890e+00 -1.343099944271230761e+01 -5.472306936712507053e+01 4.025767831560157078e-03 4.983399830321800367e-03 -2.897372275517112218e-03 4.229580149006511268e-03 -3.377270664101161574e-03 1.268007124327772198e-02
3.511121794713133350e-05 1.061148140153740486e-04 -5.934801078643517623e-07 1.703862953084216757e-06 -6.521209099123223389e-06 6.670592740554019727e-04 -1.242167955875549254e-03 1.615582581462312255e-05 -9.197956485235522889e-06 4.473428463445448525e-06 6.743200824620774885e-07 -4.032872275817495078e-01 8.173103363964867585e-02 -3.270710723662520469e-02 3.637233799264708717e-02 -1.329984066366981035e-02 1.370970305459017630e-02 1.314956155936228555e-01 1.811775929328822421e-01 -5.135075999038050121e-01 9.314366732831648177e-01 1.728621282150409222e+00 6.541908768093472881e-01 -3.649850664564080471e-04 -1.711606628962553654e-04 -4.234439275777422679e-05 8.690515228358443322e-05 7.834383556517967391e-05 3.247269423682090823e-04
4.541205609944957804e-04 1.034716640722793592e-03 4.672642202901015566e-07 1.676271115492465510e-05 -3.775500022793962918e-05 -4.105557978668089190e-04 5.308602404816083371e-03 3.345411655279571122e-04 -5.875842442689489711e-05 1.077590873998566080e-04 -4.311290521096716109e-05 -7.304369220596653722e-01 -3.270710723662520469e-02 3.872267492336876948e+00 -2.726057704293513684e+00 -1.794091125678351217e-01 1.477647087069464127e-01 2.586324917493079578e+00 3.157466198583072536e+00 -3.102093596434623279e+01 -3.513923420317925483e+00 7.697924374566956551e+00 5.116210661519351888e+00 -9.879329692922659851e-04 -7.564458875677682092e-04 -9.411066625253776971e-04 2.911149554430369482e-04 7.849350232123930050e-04 -2.888156876308138696e-03
-1.661311573606148425e-03 -2.238432043593612929e-03 -1.011468614056926800e-05 -3.046939449912221127e-05 7.931696579148282298e-05 -1.081116234981437690e-05 -9.472257016617210632e-03 -7.690164427190553965e-04 1.690303230925244138e-04 -7.541918180291806110e-05 8.039985024016585739e-06 -4.162058329366607468e-01 3.637233799264708717e-02 -2.726057704293513684e+00 5.754181369424325787e+00 5.969208841262706178e-02 -1.623037889145570456e-01 -2.010613298037135621e+00 -2.119416474928621508e+00 1.392206026339284364e+01 -4.666894314514487441e+00 -1.177903922933707825e+01 -8.710757805864496106e+00 -9.247335776746151042e-05 -5.404710009768678340e-04 2.051234891497965597e-03 -2.077462262783014504e-03 1.356271802540533417e-03 4.402631755336458910e-03
-4.905270506051236492e-04 2.213515141406253127e-04 4.725226798063381039e-06 2.753665146494748115e-06 8.475826658925278623e-06 3.037595943475980640e-03 -8.779952448955961539e-03 -1.547289120617189825e-04 3.135969402923413011e-05 1.793074501873899126e-04 -7.610417396879941885e-06 2.428073377409976363e-01 -1.329984066366981035e-02 -1.794091125678351217e-01 5.969208841262706178e-02 3.335037087371044429e+00 5.467556889702016587e-01 1.256775924662855426e-01 5.658591231444475012e-02 -6.633588231495900267e+00 -4.514037176304679932e-01 -8.287945180547277024e-01 -6.838844891442122931e-01 -4.182742321741929846e-05 2.665771376791246580e-04 -7.357445325673019803e-04 -2.336025015006217443e-03 -1.024344672978776604e-03 -9.321161777149899672e-03
-4.270016770920356374e-04 -4.864120266603169976e-04 -6.656225123568313875e-06 -8.841225280102444779e-06 4.052899470011141794e-05 1.110960431112009619e-03 -7.096894662653281498e-03 -6.443238686111614900e-05 6.226681857644957409e-05 -1.644727617514430448e-04 -5.443041552473113832e-05 6.084489428015937840e-01 1.370970305459017283e-02 1.477647087069464127e-01 -1.623037889145569901e-01 5.467556889702016587e-01 3.162060578538672839e+00 2.640700730904553595e+00 2.527626465339741557e+00 5.781078268265661180e+00 -1.270016917846602755e+00 -6.078305766985744318e-01 -1.225616889657775710e+00 9.883811843966210824e-05 6.615584710958595276e-06 1.249262290138230180e-03 -7.975576569197671264e-04 -4.358540039855394966e-04 -6.437706051426470358e-03
-8.153320948985442020e-04 -2.977770052323801676e-04 2.196849060073349201e-06 -1.452441203401444492e-05 7.134217384595481211e-05 7.873954445890117212e-03 -2.902783137383851617e-02 -2.501129256453598205e-04 1.413523074371559887e-05 -2.625612645794756539e-05 3.954439203899648599e-04 -5.745599321371531509e+00 1.314956155936228555e-01 2.586324917493079578e+00 -2.010613298037135621e+00 1.256775924662855426e-01 2.640700730904553595e+00 1.068816917134593503e+01 1.904056789193430177e+01 -1.203210596793845610e+01 3.461845651718972405e+00 5.174026579097358081e+00 5.262225597411013922e+00 3.979385952603946568e-04 -7.258604405560809209e-04 1.024636955564646066e-03 -3.474787114461983743e-03 -1.753672463804455519e-03 -4.274695106920112751e-03
4.618424086042862710e-04 1.552963067062380041e-03 3.857022770906311080e-05 1.462911209618372323e-05 -5.883311062090195543e-05 -3.916943598844687367e-04 1.039267063106684257e-02 -2.320434202418813336e-04 5.985412121759729320e-04 3.591884154146730016e-05 9.241508285044078676e-04 -3.343403730258500417e+01 1.811775929328822421e-01 3.157466198583072536e+00 -2.119416474928621508e+00 5.658591231444478481e-02 2.527626465339741557e+00 1.904056789193430177e+01 5.329826589217785937e+01 -2.314945754549876966e+01 4.354140651438636489e+00 8.698594470936946266e+00 3.322380239026335857e+01 -1.564767990914721482e-03 -2.874075339720087371e-03 2.646599354939803590e-03 -7.816956062762808743e-03 -4.624431232628728808e-03 -2.602973398427382151e-02
-6.712630775422669463e-03 -2.221966482331924272e-02 -1.211961993594981850e-04 -3.599701153106911011e-04 4.707892700551295664e-04 -4.625676976461893380e-02 8.525766348781477211e-02 -5.566585958230059299e-03 3.966001322000282589e-03 3.769064228753021654e-03 2.613776527901128465e-04 3.216574384080390558e+01 -5.135075999038050121e-01 -3.102093596434623279e+01 1.392206026339284364e+01 -6.633588231495899379e+00 5.781078268265661180e+00 -1.203210596793845610e+01 -2.314945754549876966e+01 7.883545833213884180e+02 7.241369432580677312e+01 -5.325730905391441894e+01 -5.400642682489053925e+01 2.522772433076794080e-02 1.239663326539327398e-02 4.353548558118818142e-03 2.264920962414427523e-04 -4.133945503415916572e-02 -5.336956313754126491e-02
-5.400467486150545109e-03 -5.783343353606733989e-03 -5.939670227923482499e-06 -1.883271128004249670e-04 4.670296802760796526e-04 4.165818617120959494e-02 -1.619212914729205310e-01 -3.612967971260607879e-03 5.037204743702119840e-04 7.479397178561877240e-05 1.122364151283093193e-04 1.362616650220001890e+00 9.314366732831648177e-01 -3.513923420317925483e+00 -4.666894314514487441e+00 -4.514037176304679932e-01 -1.270016917846602755e+00 3.461845651718972405e+00 4.354140651438636489e+00 7.241369432580677312e+01 6.171854956641041667e+01 3.986941593855840438e+01 1.496873408434780650e+01 7.672549045718917663e-04 2.277321227892978479e-03 4.189735306456335122e-03 4.405564126211630391e-03 -7.820825446943216810e-03 1.170566189488967367e-02
-3.057540136737499446e-04 2.443038729663875135e-03 -1.720292062661411597e-05 -4.444478171020167941e-05 7.800517859270384043e-05 4.544494164082936438e-02 -1.301443663365373926e-01 -7.635255686210218285e-04 -1.287510684702235784e-04 4.295670462939083791e-04 -3.525273182903607507e-04 -1.343099944271230761e+01 1.728621282150409222e+00 7.697924374566956551e+00 -1.177903922933707825e+01 -8.287945180547278134e-01 -6.078305766985743208e-01 5.174026579097357192e+00 8.698594470936946266e+00 -5.325730905391440473e+01 3.986941593855840438e+01 8.569804667729246717e+01 5.288190685725880513e+01 -1.102765284918392867e-02 -4.650588534826714804e-03 -1.140768672068301467e-04 1.087143919949839360e-02 4.509087968434240951e-03 1.760394044108545014e-05
2.251357040541786345e-03 4.878739291880361886e-03 1.665769222869197336e-05 2.606054395823021952e-05 -1.685218194694371131e-04 2.180747918155645070e-03 1.322715143950740045e-02 -6.087455584518143602e-04 5.382153074870362494e-04 4.169454290218251730e-04 -1.293217271411010137e-03 -5.472306936712507053e+01 6.541908768093472881e-01 5.116210661519351888e+00 -8.710757805864496106e+00 -6.838844891442119600e-01 -1.225616889657775710e+00 5.262225597411013922e+00 3.322380239026335857e+01 -5.400642682489053925e+01 1.496873408434780650e+01 5.288190685725880513e+01 1.022463408852755862e+02 -6.004287283821706234e-03 -5.478645044501625344e-03 4.164126806272107004e-03 5.842531950726646481e-03 6.766695888071837944e-03 -1.179927311421164957e-02
3.793414535150525237e-06 -7.928000603386084727e-07 -2.763137815757134925e-07 1.794397456203638391e-08 -4.528527054317142708e-07 2.054441647192114696e-05 -3.182428706088776807e-05 1.564843813069683537e-06 1.045239298240879867e-06 1.283086690855604438e-07 6.876435854344099426e-08 4.025767831560157078e-03 -3.649850664564081013e-04 -9.879329692922659851e-04 -9.247335776746138845e-05 -4.182742321741935267e-05 9.883811843966201337e-05 3.979385952603949278e-04 -1.564767990914720181e-03 2.522772433076794080e-02 7.672549045718912242e-04 -1.102765284918392694e-02 -6.004287283821705366e-03 1.470749996682651269e-03 2.734831449138173660e-04 1.495054566338052844e-04 -3.937912055186510861e-04 -1.284674772264345869e-04 -6.685463542009603529e-06
1.152818647100511921e-05 1.073084858677968206e-06 -1.232943771734706104e-07 -4.436194089398884522e-08 -7.183267116515015137e-07 1.677396429402747447e-05 1.081376953339900677e-05 4.836877331872550924e-06 2.148115026812025397e-06 4.559146795954758385e-08 6.123812585969053015e-08 4.983399830321800367e-03 -1.711606628962553654e-04 -7.564458875677682092e-04 -5.404710009768678340e-04 2.665771376791247122e-04 6.615584710958441116e-06 -7.258604405560809209e-04 -2.874075339720086938e-03 1.239663326539327398e-02 2.277321227892979347e-03 -4.650588534826714804e-03 -5.478645044501625344e-03 2.734831449138173660e-04 8.725842520773932805e-04 -1.624897566408524795e-06 7.309072641964369042e-04 6.117979910682077227e-05 -6.529556500505576382e-04
-8.941713754381530745e-06 -8.258543719047432664e-06 6.737594764525891303e-08 -1.290876702581333617e-07 4.320022472058306493e-07 1.984636411718564261e-04 -6.390357890435859316e-04 -9.576652190607622193e-07 -4.142142500417336648e-06 -2.279602175740079744e-07 3.393817797053068190e-07 -2.897372275517111351e-03 -4.234439275777424712e-05 -9.411066625253782392e-04 2.051234891497965163e-03 -7.357445325673019803e-04 1.249262290138230397e-03 1.024636955564645849e-03 2.646599354939800988e-03 4.353548558118825081e-03 4.189735306456337724e-03 -1.140768672068313123e-04 4.164126806272107871e-03 1.495054566338052844e-04 -1.624897566408524795e-06 7.183409392547379993e-03 -3.556349226887195003e-04 7.700820507179708969e-04 4.708776248669869872e-03
8.137799269958899775e-06 1.044961303507055597e-06 -7.503225768335495975e-08 -2.639953286902586113e-07 3.325519283502355265e-08 1.189418201524296520e-04 -2.630778105279635011e-04 3.909385617711832114e-06 1.009469364690063417e-06 -7.566626153235531495e-08 -1.335533129901769609e-07 4.229580149006511268e-03 8.690515228358435191e-05 2.911149554430369482e-04 -2.077462262783014504e-03 -2.336025015006217443e-03 -7.975576569197668012e-04 -3.474787114461983743e-03 -7.816956062762807009e-03 2.264920962414438907e-04 4.405564126211632126e-03 1.087143919949839187e-02 5.842531950726646481e-03 -3.937912055186510861e-04 7.309072641964369042e-04 -3.556349226887195003e-04 2.888371674734859385e-03 5.000390821446774273e-04 -9.730668109553266241e-04
-4.137414530019240734e-06 2.276201519637384052e-07 -1.199534319789664986e-07 -2.676141441775151263e-07 8.911799179332337235e-07 -1.023048883038184709e-04 2.395756868390228403e-04 -9.550432603375231223e-07 -1.880105159162505793e-06 -5.868461157036393945e-08 1.197435461832957437e-07 -3.377270664101160707e-03 7.834383556517974167e-05 7.849350232123927882e-04 1.356271802540533634e-03 -1.024344672978776821e-03 -4.358540039855395508e-04 -1.753672463804455519e-03 -4.624431232628728808e-03 -4.133945503415916572e-02 -7.820825446943216810e-03 4.509087968434240951e-03 6.766695888071840546e-03 -1.284674772264345869e-04 6.117979910682077227e-05 7.700820507179708969e-04 5.000390821446774273e-04 6.449318651348086469e-03 7.896256528499385682e-03
-7.801420970933296319e-05 -3.157090965657944324e-05 -1.581385733810326597e-06 -1.692686894435600042e-06 1.126993972516517088e-05 6.485597459005424444e-04 -2.903466010431841101e-03 -3.689248916564550853e-05 -1.671354377874249419e-05 -2.554797203439092350e-06 -3.669688591513017896e-07 1.268007124327772198e-02 3.247269423682093534e-04 -2.888156876308137829e-03 4.402631755336459778e-03 -9.321161777149897937e-03 -6.437706051426470358e-03 -4.274695106920112751e-03 -2.602973398427381457e-02 -5.336956313754126491e-02 1.170566189488967193e-02 1.760394044108323430e-05 -1.179927311421164263e-02 -6.685463542009639952e-06 -6.529556500505575298e-04 4.708776248669869005e-03 -9.730668109553266241e-04 7.896256528499385682e-03 7.233758790185855492e-02
