# logA ns theta_MC_100 ombh2 omch2 w wa tau A_planck calib_100T calib_217T A_cib_217 xi_sz_cib A_sz ksz_norm gal545_A_100 gal545_A_143 gal545_A_143_217 gal545_A_217 ps_A_100_100 ps_A_143_143 ps_A_143_217 ps_A_217_217 galf_TE_A_100 galf_TE_A_100_143 galf_TE_A_100_217 galf_TE_A_143 galf_TE_A_143_217 galf_TE_A_217
1.785782694829856059e-04 1.393275378222027270e-05 5.845888375749451449e-07 4.486676326057079597e-07 -4.695982350976723163e-06 -1.140976393244209067e-04 7.709239889162735953e-04 9.312606555671343485e-05 1.405325881803908686e-06 2.960275068630407485e-08 -9.110200507861768961e-08 -2.375657060467690953e-03 3.890300533872686665e-05 9.118025638662255981e-04 -1.617754403927031907e-03 -9.409554994115824477e-05 -5.332286446786253277e-04 -4.914089981271424967e-04 -2.523510601252709697e-04 -1.361924212048921078e-02 -6.439238222571134172e-03 -1.344534271121783321e-03 1.284218536183725622e-03 2.125701930596432158e-06 9.942405305713479527e-06 6.271357060233287576e-06 -8.140785020850384155e-07 -4.284247929092482724e-05 -3.665096682484453186e-05
1.393275378222027270e-05 1.359223410157291275e-05 1.881039914578354646e-07 1.350372439117203520e-07 -1.886474536928555654e-06 -2.851455006841458986e-05 2.379838245431040297e-04 8.971254909288873592e-06 1.024005862292731774e-06 -6.438818633828294321e-08 -5.796085698764950797e-08 -4.117526799141539226e-03 9.466037090424716713e-05 8.408371907836543774e-04 -1.952564937778840859e-03 3.413556849001341659e-04 -4.108902226925569587e-04 -3.633766572196442651e-04 1.214362391498594474e-03 -2.175413880620615664e-02 -6.186282267206038091e-03 1.368099462195219171e-03 4.593120371530108777e-03 -2.862161755185277619e-06 7.586361334026244826e-08 -1.478421273526299354e-06 2.259826658146214702e-06 -5.030950053912421947e-06 -2.243530585780144194e-05
5.845888375749451449e-07 1.881039914578354646e-07 8.396625105291229156e-08 1.055922823925627836e-08 -3.370963726601854093e-08 -1.631739594340795694e-06 1.284574621914029549e-05 2.398586206242012918e-07 4.604160503507986895e-08 -2.846914910999372938e-09 1.884995234331319575e-09 5.459839220430259050e-06 1.316015877604725330e-07 -7.565818989467941452e-06 6.370633264253867638e-06 3.602781631837820629e-07 8.229232112576213157e-06 -1.254911644678855336e-05 -1.270364273220959938e-05 3.336735785457077894e-05 -5.412888382081661642e-05 -3.960462320899339235e-05 -2.996971305366843201e-05 -1.421794130320109978e-07 -4.781380099501427139e-08 9.062409328874781219e-08 -8.261160184188655445e-08 -4.590233447921334571e-07 -1.854047309213670772e-06
4.486676326057079597e-07 1.350372439117203520e-07 1.055922823925627836e-08 1.744347996985638397e-08 -4.593584984372143558e-08 -8.739540255595933786e-07 7.332106185674086984e-06 2.194196036350879707e-07 2.036759275046149649e-08 1.743825692351782631e-09 -1.434662815429142661e-09 -6.182061465526279126e-05 8.524372142725648070e-07 1.552295538717168968e-05 -2.341611930068712442e-05 7.478453717513877933e-07 -1.017007913730844563e-05 -1.644990239687327789e-05 -4.883874654820331198e-07 -3.108779304527996452e-04 -2.090903803026751399e-04 -8.185333011901233023e-05 -1.171886901008005877e-05 -9.857877022513934398e-08 -9.226496337353549210e-08 -2.046966549524236639e-08 -2.600974069569427447e-07 -6.013330629281931448e-07 -1.937775019692573963e-06
-4.695982350976723163e-06 -1.886474536928555654e-06 -3.370963726601854093e-08 -4.593584984372143558e-08 7.766621925628174788e-07 1.113799642617980929e-05 -9.333882010043430548e-05 -2.766962368563280519e-06 -5.103747109093414016e-07 -6.219120295521508938e-09 7.080828973627979015e-09 6.427123190291217868e-05 -8.240772885973339691e-06 -4.840216458440512056e-05 6.070544891177158175e-05 -1.330147554112970503e-05 2.664711235448826275e-05 1.940952793069999368e-05 -1.522958185148972498e-05 6.484198038998705135e-04 4.355591419185175957e-04 1.118350570015938365e-04 3.582072334773090815e-05 7.576769069634382951e-07 -1.828116423797382188e-07 -3.787369701183755367e-07 -9.188184172347591284e-10 1.182992368298666564e-06 6.724012107894427295e-06
-1.140976393244209067e-04 -2.851455006841458986e-05 -1.631739594340795694e-06 -8.739540255595933786e-07 1.113799642617980929e-05 2.941297093547210612e-03 -9.849695365535903954e-03 -5.864624304655796416e-05 -1.078923042907665238e-05 -5.316428259775997460e-08 4.734022984527784595e-07 2.707314097653262808e-03 -3.028951317194976335e-04 -1.644000919204961992e-03 1.726061326088484645e-03 3.707954012126326053e-04 -6.835665821712703190e-04 1.647748257634084625e-04 5.631471400912618948e-04 1.052123317418980110e-02 5.912050582754718904e-03 -5.950541132390298540e-03 -7.708759950602424825e-03 -3.225353866547612017e-05 -2.322969809893278423e-05 -2.436734673786145798e-05 1.708357034812436288e-05 5.933237426715422903e-05 1.841109304196284380e-04
7.709239889162735953e-04 2.379838245431040568e-04 1.284574621914029549e-05 7.332106185674086984e-06 -9.333882010043430548e-05 -9.849695365535903954e-03 4.228298946936267372e-02 4.114736995872863581e-04 7.860757951051543626e-05 2.090861002807795792e-07 -1.843029346124405546e-06 -1.231791437732431167e-02 1.554647404769626817e-03 9.900764720071527844e-03 -1.181875509119312100e-02 -6.515612041424417118e-04 1.513535152589300667e-03 -1.279510593690054562e-03 9.556760863676702069e-04 -9.565015349486827301e-02 -5.442099897454682339e-02 1.197214894013356838e-02 2.426941638993311556e-02 5.826856708482167215e-05 1.100909856351392859e-04 1.642093202364861590e-04 -2.316087569726365666e-05 -3.674502782051014939e-04 -1.354605601344992510e-03
9.312606555671343485e-05 8.971254909288873592e-06 2.398586206242012918e-07 2.194196036350879442e-07 -2.766962368563280519e-06 -5.864624304655796416e-05 4.114736995872863581e-04 5.355319749100025865e-05 -3.227482150086910090e-06 -1.690536418232463771e-08 -7.625856205351194914e-08 -1.529315534860137575e-03 1.048088699465901613e-05 5.306582786141398299e-04 -6.618575485246078584e-04 6.806720511645406534e-05 -1.922227506706717585e-04 -2.954384274697973247e-04 -8.350726120492674587e-04 -9.884744084995761293e-03 -4.456114550005353496e-03 -1.622675121966585775e-03 -7.619142713438183286e-04 -1.007926659201581087e-06 4.483518681496250176e-06 3.907708032041603927e-06 -7.587766273875023954e-07 -2.415895031962075757e-05 -2.844414254890006641e-05
1.405325881803908686e-06 1.024005862292731774e-06 4.604160503507986895e-08 2.036759275046149649e-08 -5.103747109093414016e-07 -1.078923042907665238e-05 7.860757951051543626e-05 -3.227482150086910937e-06 4.700838894879039580e-06 -2.897928159518165446e-08 2.475645270400141723e-08 1.028078598949392882e-03 -2.823985387105110879e-06 3.326120215470642813e-06 1.110632850842210043e-04 5.204767224607161926e-05 1.790780609570502752e-04 3.463995419260351358e-04 9.046341908227501514e-04 4.611581113837589542e-03 7.723058167478358532e-04 3.726618563525822180e-05 -4.194726819714904265e-05 9.681037305880908174e-07 7.659940086673100516e-07 -9.070779065394538645e-07 8.685970896569277950e-07 2.638051711452640061e-06 7.165872244776626699e-06
2.960275068630407485e-08 -6.438818633828294321e-08 -2.846914910999372938e-09 1.743825692351782631e-09 -6.219120295521508938e-09 -5.316428259775994152e-08 2.090861002807794469e-07 -1.690536418232463771e-08 -2.897928159518165446e-08 3.751132037318303789e-07 2.037600642287766954e-09 -1.784048354869133041e-04 4.106746657590436334e-06 8.681032223212648382e-05 -6.948129377327456760e-05 1.774607591366799482e-04 -1.882353718663293447e-04 -3.995175897618312801e-05 3.263677668795695458e-05 3.669134154067264265e-03 9.455297388338752037e-05 3.830620277227506760e-04 4.119119629896840279e-04 -1.798138972815527937e-07 -9.788024950070530591e-08 1.356536166974251061e-07 2.394845195647940044e-07 -3.578310656384134248e-08 -1.473368885403297634e-06
-9.110200507861768961e-08 -5.796085698764950797e-08 1.884995234331319575e-09 -1.434662815429142661e-09 7.080828973627979015e-09 4.734022984527784595e-07 -1.843029346124405334e-06 -7.625856205351196238e-08 2.475645270400141723e-08 2.037600642287766954e-09 3.860215784935464231e-07 7.189399391182528173e-04 -4.079882598070815637e-06 -1.447810377080077250e-05 -8.666975151098838106e-06 -7.995303162396950723e-06 -6.197622123740810420e-05 3.863104585246011609e-04 8.928667478098351864e-04 3.482326632693442015e-04 8.273887714147369122e-05 -3.637757598625254328e-04 -1.313402213831587608e-03 2.558218145248417176e-07 -2.522690842739975106e-08 1.939904641022825050e-07 -8.309679029653154290e-08 2.153177334022131785e-07 -1.718826127374288162e-06
-2.375657060467690953e-03 -4.117526799141539226e-03 5.459839220430261591e-06 -6.182061465526279126e-05 6.427123190291216513e-05 2.707314097653262374e-03 -1.231791437732431514e-02 -1.529315534860137575e-03 1.028078598949392882e-03 -1.784048354869133854e-04 7.189399391182528173e-04 4.320424244186370544e+01 -3.902157474235433687e-01 -6.092474291349526672e-01 -3.151324088089287878e-01 1.823382456078938563e-01 5.138498184576838490e-01 -5.353273276915358814e+00 -3.171418679833296039e+01 3.398464960276950819e+01 1.741231614177449094e+00 -1.285440001316326786e+01 -5.345202829912120279e+01 2.179155599015199750e-03 1.745071211322976211e-03 -1.590149148752742015e-03 1.699939474280879681e-03 3.492662171275255373e-03 2.334700667234384727e-02
3.890300533872686665e-05 9.466037090424718069e-05 1.316015877604722947e-07 8.524372142725650187e-07 -8.240772885973339691e-06 -3.028951317194976877e-04 1.554647404769626384e-03 1.048088699465901782e-05 -2.823985387105110032e-06 4.106746657590436334e-06 -4.079882598070815637e-06 -3.902157474235433687e-01 8.253636629730380647e-02 -4.864701789250053948e-02 5.381054145247809312e-02 -1.228799573576729335e-03 1.920635636365304946e-02 1.004231822556938686e-01 1.140382316402496071e-01 -5.801290642470789960e-01 9.375752391484889481e-01 1.735614933248725844e+00 6.487071967021110774e-01 -2.570283331144478296e-05 9.423876056640201118e-06 -7.579751668004734504e-05 -1.412214305206655367e-05 -3.444068126663980519e-04 -5.706286147692097134e-04
9.118025638662255981e-04 8.408371907836545943e-04 -7.565818989467942299e-06 1.552295538717168968e-05 -4.840216458440512734e-05 -1.644000919204962425e-03 9.900764720071527844e-03 5.306582786141396130e-04 3.326120215470639001e-06 8.681032223212648382e-05 -1.447810377080077081e-05 -6.092474291349527782e-01 -4.864701789250053948e-02 3.790406951292784932e+00 -2.593786475506535183e+00 -2.039944668817680329e-01 1.421440979249505576e-01 2.623342073243476680e+00 3.108198308425007994e+00 -3.100246160456474698e+01 -3.422797431144117830e+00 7.108086917344799360e+00 4.714919138991555236e+00 -1.618759749904079260e-04 9.323340944554996774e-05 -2.324621593331917258e-03 -1.055495476761431376e-03 3.939937972260332971e-05 1.703801310069339792e-03
-1.617754403927031907e-03 -1.952564937778840642e-03 6.370633264253873567e-06 -2.341611930068712442e-05 6.070544891177158853e-05 1.726061326088484428e-03 -1.181875509119312100e-02 -6.618575485246080753e-04 1.110632850842210178e-04 -6.948129377327456760e-05 -8.666975151098834718e-06 -3.151324088089288433e-01 5.381054145247809312e-02 -2.593786475506535183e+00 5.482379635283026964e+00 9.509630302309891869e-02 -1.735722601598992942e-01 -1.943412970134137163e+00 -2.043805816043213763e+00 1.397485594096229455e+01 -4.595246579835883693e+00 -1.098043621933624969e+01 -8.440231034752015304e+00 7.006725276719769167e-04 -4.450404542652676627e-04 -1.258096465900570508e-04 -8.181509816004324661e-05 6.957576092507404336e-04 -3.651096038543268345e-03
-9.409554994115827188e-05 3.413556849001342201e-04 3.602781631837820629e-07 7.478453717513883227e-07 -1.330147554112970503e-05 3.707954012126323342e-04 -6.515612041424417118e-04 6.806720511645407889e-05 5.204767224607161248e-05 1.774607591366799482e-04 -7.995303162396952417e-06 1.823382456078938285e-01 -1.228799573576729118e-03 -2.039944668817679774e-01 9.509630302309890482e-02 3.329569455275330991e+00 5.395030271467003979e-01 1.785136998106352513e-01 1.337305555912403632e-01 -6.654929673317640848e+00 -3.879158084891662917e-01 -7.311075183349107220e-01 -6.267766568567781915e-01 -6.545265755228937745e-04 -1.287652486502851809e-04 -2.452962605448774929e-04 -6.818348875720272456e-04 -1.119683486352834097e-03 -2.153714762289584903e-03
-5.332286446786253277e-04 -4.108902226925569587e-04 8.229232112576214851e-06 -1.017007913730844563e-05 2.664711235448825598e-05 -6.835665821712702105e-04 1.513535152589301535e-03 -1.922227506706717856e-04 1.790780609570502481e-04 -1.882353718663293447e-04 -6.197622123740810420e-05 5.138498184576838490e-01 1.920635636365304946e-02 1.421440979249505299e-01 -1.735722601598993220e-01 5.395030271467003979e-01 3.139559709233749718e+00 2.703115156106277617e+00 2.672881722486723177e+00 5.725221430174169512e+00 -1.074262991098115405e+00 -4.576270532715136508e-01 -1.031166499331874764e+00 8.269677624334323190e-04 -2.115446477616048321e-04 -1.192792919099085495e-03 -5.160313472337043749e-04 -2.621176280631770661e-04 6.013776247150572768e-03
-4.914089981271424967e-04 -3.633766572196442651e-04 -1.254911644678855336e-05 -1.644990239687327789e-05 1.940952793070000384e-05 1.647748257634089504e-04 -1.279510593690058465e-03 -2.954384274697973789e-04 3.463995419260351358e-04 -3.995175897618312124e-05 3.863104585246010525e-04 -5.353273276915358814e+00 1.004231822556938408e-01 2.623342073243476680e+00 -1.943412970134136941e+00 1.785136998106351958e-01 2.703115156106277617e+00 1.063730583050695344e+01 1.869904306679746142e+01 -1.250379164137392607e+01 2.972410503021407191e+00 4.403799216618405232e+00 4.829593065022818266e+00 3.024471560268097580e-04 4.394120545108823263e-04 -7.230898242190666320e-03 -6.311065423229613716e-04 -2.379281270821740919e-03 6.627061286654300186e-03
-2.523510601252709697e-04 1.214362391498594474e-03 -1.270364273220959938e-05 -4.883874654820325904e-07 -1.522958185148972498e-05 5.631471400912634127e-04 9.556760863676702069e-04 -8.350726120492674587e-04 9.046341908227501514e-04 3.263677668795694780e-05 8.928667478098351864e-04 -3.171418679833296039e+01 1.140382316402496071e-01 3.108198308425007994e+00 -2.043805816043214207e+00 1.337305555912403077e-01 2.672881722486723177e+00 1.869904306679746142e+01 5.174418533435995471e+01 -2.224274019755764442e+01 3.372149956399716153e+00 6.771535467330886959e+00 3.117648284714293538e+01 -8.549857913717813116e-04 -1.702335721809507263e-04 -8.414251464367351191e-03 -3.025992566281188959e-04 -5.285959101905297365e-03 -7.148647888068546813e-03
-1.361924212048921078e-02 -2.175413880620615664e-02 3.336735785457076538e-05 -3.108779304527996452e-04 6.484198038998705135e-04 1.052123317418979936e-02 -9.565015349486825913e-02 -9.884744084995761293e-03 4.611581113837589542e-03 3.669134154067264265e-03 3.482326632693442015e-04 3.398464960276950819e+01 -5.801290642470789960e-01 -3.100246160456475053e+01 1.397485594096229455e+01 -6.654929673317639960e+00 5.725221430174171289e+00 -1.250379164137392607e+01 -2.224274019755764442e+01 7.929727455782157222e+02 7.030729637134125198e+01 -5.674525008660011594e+01 -5.865323347546793542e+01 -6.559774778518376488e-03 4.277816688981061696e-03 3.486290447897891914e-02 3.522519736417602937e-02 -9.451810574457961828e-03 -6.290571643151143810e-02
-6.439238222571134172e-03 -6.186282267206038091e-03 -5.412888382081661642e-05 -2.090903803026751670e-04 4.355591419185175957e-04 5.912050582754718904e-03 -5.442099897454682339e-02 -4.456114550005355231e-03 7.723058167478358532e-04 9.455297388338750682e-05 8.273887714147367767e-05 1.741231614177449094e+00 9.375752391484889481e-01 -3.422797431144117830e+00 -4.595246579835884582e+00 -3.879158084891662917e-01 -1.074262991098115627e+00 2.972410503021407191e+00 3.372149956399716153e+00 7.030729637134125198e+01 6.117560109757084064e+01 4.058409842343040452e+01 1.520136798493896180e+01 -3.321769997985873977e-04 7.481123823797699874e-04 8.989655048848053248e-03 4.441307210662989464e-04 -3.440001639145480721e-03 8.026172998597333116e-03
-1.344534271121783321e-03 1.368099462195219171e-03 -3.960462320899340590e-05 -8.185333011901233023e-05 1.118350570015938636e-04 -5.950541132390300275e-03 1.197214894013356838e-02 -1.622675121966585775e-03 3.726618563525816081e-05 3.830620277227506760e-04 -3.637757598625254328e-04 -1.285440001316326786e+01 1.735614933248725844e+00 7.108086917344799360e+00 -1.098043621933624969e+01 -7.311075183349107220e-01 -4.576270532715136508e-01 4.403799216618405232e+00 6.771535467330886959e+00 -5.674525008660011594e+01 4.058409842343040452e+01 8.520012809266353315e+01 5.212186672905852447e+01 -8.033818058774506391e-05 4.407167602522579438e-05 9.999171907004056337e-03 -3.227649519352541845e-03 -4.158226148312038975e-03 5.078348111456568040e-04
1.284218536183725622e-03 4.593120371530108777e-03 -2.996971305366842863e-05 -1.171886901008005877e-05 3.582072334773090815e-05 -7.708759950602424825e-03 2.426941638993312250e-02 -7.619142713438183286e-04 -4.194726819714906298e-05 4.119119629896840279e-04 -1.313402213831587608e-03 -5.345202829912120279e+01 6.487071967021110774e-01 4.714919138991555236e+00 -8.440231034752015304e+00 -6.267766568567781915e-01 -1.031166499331874764e+00 4.829593065022817377e+00 3.117648284714293538e+01 -5.865323347546793542e+01 1.520136798493896180e+01 5.212186672905852447e+01 1.007772427115635594e+02 -2.615686931631774643e-03 -1.004264780269469417e-03 1.282029406137874181e-02 -1.425963805922376071e-03 2.428626710306579749e-03 -7.105934129696524736e-03
2.125701930596433428e-06 -2.862161755185277619e-06 -1.421794130320110242e-07 -9.857877022513934398e-08 7.576769069634382951e-07 -3.225353866547612017e-05 5.826856708482163827e-05 -1.007926659201581722e-06 9.681037305880910291e-07 -1.798138972815528731e-07 2.558218145248417176e-07 2.179155599015200617e-03 -2.570283331144485411e-05 -1.618759749904078176e-04 7.006725276719771335e-04 -6.545265755228937745e-04 8.269677624334322106e-04 3.024471560268095953e-04 -8.549857913717810948e-04 -6.559774778518378223e-03 -3.321769997985879940e-04 -8.033818058774533496e-05 -2.615686931631774643e-03 1.454273796346877831e-03 2.650193246372595300e-04 9.493350174352110070e-05 -3.785593833677308902e-04 -8.670642874112155052e-05 -1.520958781108720879e-04
9.942405305713482915e-06 7.586361334026256738e-08 -4.781380099501427801e-08 -9.226496337353549210e-08 -1.828116423797382717e-07 -2.322969809893278423e-05 1.100909856351392724e-04 4.483518681496251023e-06 7.659940086673100516e-07 -9.788024950070535885e-08 -2.522690842739975106e-08 1.745071211322976211e-03 9.423876056640192648e-06 9.323340944554994064e-05 -4.450404542652676627e-04 -1.287652486502849911e-04 -2.115446477616048321e-04 4.394120545108823805e-04 -1.702335721809510787e-04 4.277816688981061696e-03 7.481123823797702042e-04 4.407167602522628228e-05 -1.004264780269469417e-03 2.650193246372595300e-04 8.519554190843408497e-04 1.436533554812180515e-05 7.457250104263679191e-04 5.346111729253460749e-05 -7.806140200503037608e-04
6.271357060233292658e-06 -1.478421273526299778e-06 9.062409328874778572e-08 -2.046966549524241271e-08 -3.787369701183755367e-07 -2.436734673786145121e-05 1.642093202364861590e-04 3.907708032041602233e-06 -9.070779065394538645e-07 1.356536166974250531e-07 1.939904641022825580e-07 -1.590149148752741798e-03 -7.579751668004739925e-05 -2.324621593331917258e-03 -1.258096465900565629e-04 -2.452962605448772760e-04 -1.192792919099085712e-03 -7.230898242190666320e-03 -8.414251464367351191e-03 3.486290447897891220e-02 8.989655048848053248e-03 9.999171907004056337e-03 1.282029406137873660e-02 9.493350174352110070e-05 1.436533554812180515e-05 7.213177049035008129e-03 -3.328757849903396038e-04 5.569109850179942327e-04 4.127543017828377674e-03
-8.140785020850365097e-07 2.259826658146213855e-06 -8.261160184188652798e-08 -2.600974069569427447e-07 -9.188184172349968394e-10 1.708357034812436288e-05 -2.316087569726363294e-05 -7.587766273875023954e-07 8.685970896569274774e-07 2.394845195647940044e-07 -8.309679029653158260e-08 1.699939474280880982e-03 -1.412214305206653842e-05 -1.055495476761431593e-03 -8.181509816004349056e-05 -6.818348875720272456e-04 -5.160313472337043749e-04 -6.311065423229618053e-04 -3.025992566281186791e-04 3.522519736417602937e-02 4.441307210662978622e-04 -3.227649519352540977e-03 -1.425963805922376071e-03 -3.785593833677308902e-04 7.457250104263679191e-04 -3.328757849903395496e-04 2.941205024981206461e-03 4.907557248534339485e-04 -1.068953208902844116e-03
-4.284247929092482724e-05 -5.030950053912421947e-06 -4.590233447921334571e-07 -6.013330629281931448e-07 1.182992368298666776e-06 5.933237426715422225e-05 -3.674502782051015481e-04 -2.415895031962075757e-05 2.638051711452640061e-06 -3.578310656384128292e-08 2.153177334022131785e-07 3.492662171275255807e-03 -3.444068126663979977e-04 3.939937972260326872e-05 6.957576092507401083e-04 -1.119683486352834097e-03 -2.621176280631771745e-04 -2.379281270821740919e-03 -5.285959101905297365e-03 -9.451810574457961828e-03 -3.440001639145482456e-03 -4.158226148312038108e-03 2.428626710306580182e-03 -8.670642874112153696e-05 5.346111729253460749e-05 5.569109850179942327e-04 4.907557248534339485e-04 6.395233502113556630e-03 7.759243796049188242e-03
-3.665096682484453186e-05 -2.243530585780143855e-05 -1.854047309213670772e-06 -1.937775019692573963e-06 6.724012107894427295e-06 1.841109304196284380e-04 -1.354605601344992727e-03 -2.844414254890007318e-05 7.165872244776626699e-06 -1.473368885403297634e-06 -1.718826127374287103e-06 2.334700667234384380e-02 -5.706286147692093882e-04 1.703801310069339792e-03 -3.651096038543266177e-03 -2.153714762289582300e-03 6.013776247150573635e-03 6.627061286654301053e-03 -7.148647888068552017e-03 -6.290571643151143810e-02 8.026172998597333116e-03 5.078348111456646103e-04 -7.105934129696523001e-03 -1.520958781108721150e-04 -7.806140200503037608e-04 4.127543017828377674e-03 -1.068953208902844116e-03 7.759243796049188242e-03 7.232369195633991943e-02
