# logA ns theta_MC_100 ombh2 omch2 w wa tau A_planck calib_100T calib_217T A_cib_217 xi_sz_cib A_sz ksz_norm gal545_A_100 gal545_A_143 gal545_A_143_217 gal545_A_217 ps_A_100_100 ps_A_143_143 ps_A_143_217 ps_A_217_217 galf_TE_A_100 galf_TE_A_100_143 galf_TE_A_100_217 galf_TE_A_143 galf_TE_A_143_217 galf_TE_A_217
1.879115154378267218e-04 1.643208360785381950e-05 7.067398679968543696e-07 5.578002198106441263e-07 -6.241181566967508034e-06 5.214500697288573620e-04 9.894375419584875483e-04 9.713970782398336488e-05 3.267705463809080454e-06 2.996622308959771587e-08 -1.542999245201105369e-07 -3.042903728276414449e-03 1.099799808964704650e-04 1.001180523734099877e-03 -1.893605361219263730e-03 -6.350625807066707235e-04 -3.124115333340576504e-04 -7.569314113004683682e-04 1.340851998195475875e-04 -1.570421943960884775e-02 -7.773390494916846034e-03 9.026441704210093082e-04 3.116601057906119663e-03 2.711109644074748342e-07 -9.511388037544928288e-07 1.108309629471792578e-05 -1.515364696938397240e-05 -1.746952902531501148e-05 -1.277354738191148530e-04
1.643208360785381950e-05 1.796199189764616827e-05 4.090923428702885987e-07 2.880742760598714233e-07 -3.635610902006993870e-06 4.471902688494139966e-05 -4.967076547970145561e-04 1.167449231302250922e-05 1.461898822821126970e-06 -3.029189115263393340e-08 -7.085515842739387176e-08 -4.402318639519504744e-03 1.174077559403298194e-04 1.048904036363239919e-03 -2.548670385608851549e-03 2.891120801851696539e-04 -4.234461299414185305e-04 -2.793254847664841428e-04 1.441950722186911837e-03 -2.538391634042608952e-02 -6.758883169034252993e-03 1.927665482974618696e-03 5.210102558245647067e-03 3.820112634590686101e-07 1.072244820320448908e-06 -1.983541964629387742e-06 -3.241229744651006539e-06 -1.242051867226757845e-05 -5.546772287898487763e-05
7.067398679968543696e-07 4.090923428702885987e-07 9.253454498644173384e-08 1.594795939863603399e-08 -1.180140624383753245e-07 4.777530929828633976e-06 -2.110366558702213028e-05 3.661357317359617227e-07 7.631450547901371149e-08 1.946749884340031547e-10 -8.023086758365322874e-10 -3.709865923032205372e-05 2.371614907842022594e-06 6.359217602585169469e-06 -2.105316085487492485e-05 -7.299133006416634972e-06 -8.637329845463087344e-06 -1.060940184478080167e-05 1.109471794218294379e-05 -1.161181385092786877e-04 -4.524251440506694158e-05 4.344823936884246389e-05 4.983907795043838286e-05 1.022145336538255318e-07 -2.176385161131644211e-07 -1.043963406774469123e-07 -3.413514469792450763e-07 -4.600045229039676782e-07 -3.250373544684664354e-06
5.578002198106441263e-07 2.880742760598714233e-07 1.594795939863603399e-08 2.197257485757942477e-08 -1.031168716764003750e-07 1.704328899570072700e-06 -1.697898141265774766e-05 3.163517350418665003e-07 4.228806193459741089e-08 4.143600546712253000e-09 -6.870717770468586673e-10 -8.512861173970286837e-05 2.609983924033643853e-06 2.563187136535051278e-05 -4.877140496442351064e-05 -1.850982067954043069e-06 -1.480658046599477456e-05 -1.336792915881737371e-05 1.489692361094128774e-05 -4.740069647215267457e-04 -2.085728629095245641e-04 -1.490246205111305235e-05 4.670551192625034710e-05 -1.073898532874255067e-08 -2.106338754956380288e-08 -1.798034029330230318e-07 -2.348795830534842202e-07 -5.942931751717971144e-07 -3.146660034933584844e-06
-6.241181566967508034e-06 -3.635610902006993870e-06 -1.180140624383753245e-07 -1.031168716764003750e-07 1.470215423473138905e-06 -1.731897358931557094e-05 1.769145852810615925e-04 -4.088651762581149788e-06 -7.192493457633888587e-07 -1.635782483657821822e-08 8.949767572637021944e-09 3.272696908434260719e-04 -1.485380312388909362e-05 -1.246645967197845578e-04 2.360430902333885946e-04 1.403667086405293658e-06 5.974738667613945409e-05 3.474523580820343540e-05 -1.616738734270730532e-04 1.910207087986059331e-03 8.258558640310352094e-04 -6.212221658349947938e-05 -3.450438678674560243e-04 -6.894035288121408862e-08 -4.640216173430185101e-08 -9.468277811123965732e-07 1.778963532445981154e-06 3.853791668169200029e-06 1.594050944338154657e-05
5.214500697288572536e-04 4.471902688494138611e-05 4.777530929828633976e-06 1.704328899570073124e-06 -1.731897358931557094e-05 2.493915707882959909e-01 -4.729801188018428193e-01 2.471207429883904628e-04 3.499205721042912928e-05 -2.842750162159536505e-06 4.259601376386856638e-06 4.333586035179663493e-04 -2.853928148752980353e-03 1.439752791640405336e-04 -3.866555703077782010e-03 -2.035802147686221943e-03 3.023564997985771566e-02 3.326671510605572896e-02 6.196530261953819840e-02 1.640023910963695208e-01 -5.242994878143411586e-02 -9.915326529125401134e-02 -2.413361112570752351e-02 -2.669996273484742449e-04 2.626725267924851035e-04 4.837384443140349414e-04 4.501379485068506751e-04 -1.382625221516020279e-05 4.749219517184581673e-04
9.894375419584875483e-04 -4.967076547970145561e-04 -2.110366558702212689e-05 -1.697898141265775105e-05 1.769145852810615925e-04 -4.729801188018428193e-01 1.632950363735211630e+00 6.759159742243842116e-05 1.878965776305666199e-04 1.577796212664138182e-06 -2.803295906870403103e-06 8.630151656194837151e-02 2.128798342599342013e-03 -1.187038199036830402e-02 2.387675978601650970e-02 -3.230372354212301955e-02 -6.195556501911252817e-02 -2.290743246102010244e-02 -4.332158507719114510e-02 -8.162551709143631151e-02 2.924310666321758290e-01 2.368420593640093441e-01 1.090628845918377166e-01 9.567461959305083264e-04 -1.196218796899092401e-04 -3.985355731333002508e-04 -8.478648201187396691e-04 9.856106720897599757e-04 1.326236251379157459e-03
9.713970782398336488e-05 1.167449231302250922e-05 3.661357317359617227e-07 3.163517350418665003e-07 -4.088651762581149788e-06 2.471207429883904628e-04 6.759159742243836695e-05 5.612014743721914939e-05 -2.518957618899521607e-06 -2.696175076158467038e-08 -8.330635942054518488e-08 -2.135536253125903863e-03 5.614929684796962032e-05 6.713142473072470588e-04 -9.775884215833430431e-04 -1.971932136581318437e-04 -1.288796666474270452e-07 -1.441625555316712625e-04 -1.182415781517142289e-04 -1.168604578513108248e-02 -5.391572116047411989e-03 -4.447390516462889558e-04 2.750074610775783170e-04 -9.333685278531219524e-07 2.015708660343852917e-07 6.310913292585925241e-06 -6.947362386453223084e-06 -1.145837959107547364e-05 -7.426101700494715946e-05
3.267705463809080454e-06 1.461898822821126970e-06 7.631450547901371149e-08 4.228806193459741089e-08 -7.192493457633888587e-07 3.499205721042912928e-05 1.878965776305666199e-04 -2.518957618899522031e-06 5.090272054386572972e-06 -1.157592146498699846e-08 -9.466061795589992483e-09 9.910711020864187981e-04 -6.492129483330985295e-06 -3.011644050325759314e-05 1.467450164165919546e-04 3.505203793760787814e-05 7.272240041258804118e-05 -2.180855076415014971e-05 4.314620817093145228e-04 3.816590011152014121e-03 4.990762774141030726e-04 3.528308628577249352e-05 2.383297105428863977e-04 9.213094743710178284e-07 -3.080345980338297972e-07 2.139814291285816547e-06 -1.699771664072134524e-06 -1.285203719535106326e-06 -3.741724161047669721e-06
2.996622308959771587e-08 -3.029189115263393340e-08 1.946749884340031547e-10 4.143600546712253000e-09 -1.635782483657821822e-08 -2.842750162159537776e-06 1.577796212664138394e-06 -2.696175076158467038e-08 -1.157592146498699846e-08 3.794855399263873707e-07 2.698395773093422623e-10 -2.206022786006607160e-04 7.766998600863676645e-06 1.255278559111619387e-04 -1.000172040980638498e-04 1.717777721258684968e-04 -1.706080155543374577e-04 3.438656482971338532e-06 1.079508721250515196e-04 3.548848985343514527e-03 1.204442050257069840e-04 5.524762280671265862e-04 4.743893733013773597e-04 -1.629071716981882438e-07 4.248996939843841550e-07 6.768790282419497515e-07 2.545440036795691507e-07 -7.403969730591650036e-07 -6.125299869710645063e-07
-1.542999245201105369e-07 -7.085515842739387176e-08 -8.023086758365322874e-10 -6.870717770468586673e-10 8.949767572637021944e-09 4.259601376386857485e-06 -2.803295906870403103e-06 -8.330635942054518488e-08 -9.466061795589992483e-09 2.698395773093422623e-10 3.768712729395403479e-07 7.270532858061250431e-04 -3.358076405088743158e-06 -3.098381246893681213e-05 -1.714371967974540233e-05 -9.633811309363254244e-08 -5.556553953156708148e-05 3.626437194579565392e-04 8.191784871383400246e-04 4.355769584343425972e-04 1.182979099992558766e-04 -3.492209081425518480e-04 -1.284143828581693235e-03 -8.658660034045389289e-08 2.712940413246843356e-07 -3.870748437063854852e-07 1.468468615160624630e-07 -2.938274106755875028e-07 6.519236981917127501e-08
-3.042903728276413582e-03 -4.402318639519503876e-03 -3.709865923032205372e-05 -8.512861173970286837e-05 3.272696908434260719e-04 4.333586035179663493e-04 8.630151656194838539e-02 -2.135536253125904296e-03 9.910711020864187981e-04 -2.206022786006607160e-04 7.270532858061250431e-04 4.368423318607039363e+01 -3.848331423634366866e-01 -6.938953747659473148e-01 -4.654371570166342953e-01 1.746377652647838064e-01 3.558380699866190988e-01 -5.781041365326803572e+00 -3.273021580912930517e+01 3.295912182157552905e+01 2.231738334590263051e+00 -1.230386719336189927e+01 -5.348243469342725120e+01 -1.784485458881196498e-05 6.719365493600321136e-04 8.379538688111478131e-03 9.676151865473805276e-04 6.729398387831503174e-03 2.733464262133063205e-02
1.099799808964704921e-04 1.174077559403298058e-04 2.371614907842022170e-06 2.609983924033643853e-06 -1.485380312388909362e-05 -2.853928148752980787e-03 2.128798342599342447e-03 5.614929684796962032e-05 -6.492129483330986142e-06 7.766998600863676645e-06 -3.358076405088743158e-06 -3.848331423634366866e-01 8.164801171053093221e-02 -5.546496274351420119e-02 5.343999658527408964e-02 -7.827439390109684411e-03 4.278709507597871185e-03 9.073959353433462549e-02 1.100096757802747072e-01 -4.163412811959282256e-01 9.239737973615020916e-01 1.659504406479377359e+00 6.091028481715019538e-01 1.012226332507516687e-04 1.565466391639342108e-04 -2.525151862981124388e-04 4.384651660737482566e-05 -3.510706429750939554e-05 -6.257040603457645028e-05
1.001180523734100094e-03 1.048904036363239919e-03 6.359217602585167775e-06 2.563187136535051278e-05 -1.246645967197845578e-04 1.439752791640415907e-04 -1.187038199036829535e-02 6.713142473072470588e-04 -3.011644050325757281e-05 1.255278559111619387e-04 -3.098381246893681213e-05 -6.938953747659472038e-01 -5.546496274351420119e-02 3.837085983410390089e+00 -2.705648133894358764e+00 -2.336579626512387542e-01 1.117291000217475738e-01 2.580053880826106205e+00 3.182441857987055034e+00 -3.008629288360555520e+01 -3.466149705325533237e+00 7.330938722072458447e+00 5.011216372238433969e+00 -1.306644333143245880e-03 2.937405933534277687e-04 -3.422020517817022994e-04 2.583721466556195456e-04 -1.692934421282013720e-03 -9.864236186025868505e-03
-1.893605361219263946e-03 -2.548670385608851549e-03 -2.105316085487493163e-05 -4.877140496442351064e-05 2.360430902333885946e-04 -3.866555703077782010e-03 2.387675978601651663e-02 -9.775884215833430431e-04 1.467450164165919546e-04 -1.000172040980638362e-04 -1.714371967974539216e-05 -4.654371570166340732e-01 5.343999658527408964e-02 -2.705648133894358764e+00 5.875290911037601482e+00 1.680720241764450118e-01 -1.284657871409740082e-01 -2.020284533356727863e+00 -2.076170383725899793e+00 1.354789734490138109e+01 -4.816939492241731458e+00 -1.164989173256465449e+01 -8.803107671477883756e+00 7.171836714507528890e-04 -5.477773894050881956e-04 1.876798132639058642e-03 4.510060967970996849e-04 2.407714889468920427e-03 -1.835989103068882749e-03
-6.350625807066707235e-04 2.891120801851696539e-04 -7.299133006416634972e-06 -1.850982067954043704e-06 1.403667086405289634e-06 -2.035802147686223244e-03 -3.230372354212302649e-02 -1.971932136581317624e-04 3.505203793760787814e-05 1.717777721258684968e-04 -9.633811309363178805e-08 1.746377652647837786e-01 -7.827439390109684411e-03 -2.336579626512387542e-01 1.680720241764450673e-01 3.319012824604984147e+00 5.658370443618720991e-01 1.383759392857447645e-01 4.698374869247944757e-02 -6.070615897158818441e+00 -4.426670857920046442e-01 -1.066230828561986810e+00 -8.691953229659635793e-01 -2.634018207495556884e-04 -4.247911888448048577e-04 3.501234401258114694e-05 -6.997285035244776939e-04 -1.728985802954191141e-03 -2.854301963363016590e-03
-3.124115333340576504e-04 -4.234461299414185305e-04 -8.637329845463087344e-06 -1.480658046599477456e-05 5.974738667613945409e-05 3.023564997985771566e-02 -6.195556501911252817e-02 -1.288796666474402536e-07 7.272240041258804118e-05 -1.706080155543374577e-04 -5.556553953156708148e-05 3.558380699866189878e-01 4.278709507597868583e-03 1.117291000217475599e-01 -1.284657871409740082e-01 5.658370443618720991e-01 3.157831685502604291e+00 2.598191627345881827e+00 2.699946097464118733e+00 6.312235318395279293e+00 -1.298251534646970740e+00 -8.023819659474096255e-01 -1.013940163742319100e+00 1.175025642933419292e-03 -8.606081712301891099e-04 5.534833628423233660e-04 1.130501101381657528e-03 2.058431160466074779e-03 2.032910153509984857e-03
-7.569314113004682598e-04 -2.793254847664841428e-04 -1.060940184478079998e-05 -1.336792915881737202e-05 3.474523580820344218e-05 3.326671510605571508e-02 -2.290743246102010938e-02 -1.441625555316712625e-04 -2.180855076415014971e-05 3.438656482971335567e-06 3.626437194579565392e-04 -5.781041365326803572e+00 9.073959353433459774e-02 2.580053880826106205e+00 -2.020284533356727863e+00 1.383759392857447645e-01 2.598191627345881827e+00 1.042837741248234806e+01 1.870361116662072121e+01 -1.184347933149713405e+01 3.069961443722295513e+00 4.543849268574818190e+00 5.540095973661703255e+00 -3.885281670108395834e-04 7.360742028190707560e-04 -3.177225089756436326e-04 2.773366091226279768e-04 -3.815581220300246434e-04 7.458545125284435189e-03
1.340851998195475875e-04 1.441950722186911837e-03 1.109471794218294209e-05 1.489692361094128435e-05 -1.616738734270730532e-04 6.196530261953819840e-02 -4.332158507719116591e-02 -1.182415781517142560e-04 4.314620817093145228e-04 1.079508721250515196e-04 8.191784871383400246e-04 -3.273021580912930517e+01 1.100096757802747072e-01 3.182441857987055034e+00 -2.076170383725899793e+00 4.698374869247949615e-02 2.699946097464118733e+00 1.870361116662072121e+01 5.217355805589307494e+01 -2.244143292677554413e+01 3.377297695691185098e+00 7.326811663937464303e+00 3.278677624801232326e+01 -1.028925894087841719e-03 2.775075890646210540e-04 -5.616691878548634061e-03 2.307848859948191688e-04 -5.889445981056799263e-03 -4.597274168506235159e-03
-1.570421943960884775e-02 -2.538391634042608952e-02 -1.161181385092786741e-04 -4.740069647215267457e-04 1.910207087986059331e-03 1.640023910963694931e-01 -8.162551709143642253e-02 -1.168604578513107901e-02 3.816590011152014555e-03 3.548848985343514527e-03 4.355769584343425972e-04 3.295912182157552905e+01 -4.163412811959281146e-01 -3.008629288360555520e+01 1.354789734490138109e+01 -6.070615897158818441e+00 6.312235318395277517e+00 -1.184347933149713405e+01 -2.244143292677554413e+01 7.826281831808374818e+02 7.126166309802091803e+01 -4.937192221804794201e+01 -5.396523050491038731e+01 9.090944106064355323e-03 -6.068209731126828106e-03 3.251540799503734036e-02 -4.801738215732921818e-03 2.903276970554000830e-02 2.363528376838952283e-01
-7.773390494916847769e-03 -6.758883169034252993e-03 -4.524251440506693481e-05 -2.085728629095245641e-04 8.258558640310352094e-04 -5.242994878143413667e-02 2.924310666321758845e-01 -5.391572116047411989e-03 4.990762774141030726e-04 1.204442050257069840e-04 1.182979099992559037e-04 2.231738334590263051e+00 9.239737973615020916e-01 -3.466149705325533237e+00 -4.816939492241731458e+00 -4.426670857920045332e-01 -1.298251534646970962e+00 3.069961443722295513e+00 3.377297695691185098e+00 7.126166309802091803e+01 6.168607164941040111e+01 4.003523357679678440e+01 1.453750878376166789e+01 -1.641079519980202924e-03 1.777075665046025333e-03 5.505704254603003764e-03 -1.074537782458373649e-04 9.386590596031446632e-03 8.841785317373737629e-02
9.026441704210093082e-04 1.927665482974618696e-03 4.344823936884246389e-05 -1.490246205111305235e-05 -6.212221658349947938e-05 -9.915326529125401134e-02 2.368420593640093996e-01 -4.447390516462889558e-04 3.528308628577250707e-05 5.524762280671265862e-04 -3.492209081425518480e-04 -1.230386719336189927e+01 1.659504406479377137e+00 7.330938722072458447e+00 -1.164989173256465449e+01 -1.066230828561986810e+00 -8.023819659474095145e-01 4.543849268574818190e+00 7.326811663937464303e+00 -4.937192221804794201e+01 4.003523357679678440e+01 8.384424614703939937e+01 5.145851408418916151e+01 -2.484601767348012732e-03 3.214054776304990819e-03 -1.125344791367945910e-03 3.392527516806756026e-03 -3.089872171437576826e-03 2.551662728016786119e-02
3.116601057906119663e-03 5.210102558245647067e-03 4.983907795043838963e-05 4.670551192625034710e-05 -3.450438678674560243e-04 -2.413361112570749575e-02 1.090628845918376610e-01 2.750074610775783170e-04 2.383297105428863977e-04 4.743893733013773055e-04 -1.284143828581693235e-03 -5.348243469342725120e+01 6.091028481715018428e-01 5.011216372238433969e+00 -8.803107671477883756e+00 -8.691953229659635793e-01 -1.013940163742318878e+00 5.540095973661703255e+00 3.278677624801232326e+01 -5.396523050491038731e+01 1.453750878376166789e+01 5.145851408418916151e+01 1.005349257820328717e+02 6.144005405409801125e-04 -1.443513622626733104e-04 -5.045065782376219853e-03 -1.240127941686067171e-03 -7.974880179431223515e-03 -8.503661651393193974e-04
2.711109644074762107e-07 3.820112634590688748e-07 1.022145336538255318e-07 -1.073898532874255563e-08 -6.894035288121400922e-08 -2.669996273484742449e-04 9.567461959305083264e-04 -9.333685278531212113e-07 9.213094743710177226e-07 -1.629071716981881909e-07 -8.658660034045390612e-08 -1.784485458881092482e-05 1.012226332507516551e-04 -1.306644333143245880e-03 7.171836714507528890e-04 -2.634018207495554174e-04 1.175025642933418858e-03 -3.885281670108397460e-04 -1.028925894087841502e-03 9.090944106064355323e-03 -1.641079519980202924e-03 -2.484601767348012732e-03 6.144005405409807630e-04 1.482777208692993452e-03 2.801097520787876045e-04 1.282706094824747874e-04 -3.657688670501268308e-04 -1.363759287168822554e-04 -1.274568652068454528e-04
-9.511388037544928288e-07 1.072244820320448908e-06 -2.176385161131644211e-07 -2.106338754956381281e-08 -4.640216173430178484e-08 2.626725267924850493e-04 -1.196218796899091587e-04 2.015708660343862976e-07 -3.080345980338298501e-07 4.248996939843841020e-07 2.712940413246843356e-07 6.719365493600317884e-04 1.565466391639342379e-04 2.937405933534279856e-04 -5.477773894050878703e-04 -4.247911888448048577e-04 -8.606081712301891099e-04 7.360742028190712981e-04 2.775075890646211082e-04 -6.068209731126826371e-03 1.777075665046025550e-03 3.214054776304991253e-03 -1.443513622626727954e-04 2.801097520787875503e-04 8.864092030322266681e-04 6.692428840831827607e-05 7.333671138590856396e-04 3.633393367866894505e-05 -8.337452643087597684e-04
1.108309629471792578e-05 -1.983541964629389012e-06 -1.043963406774470579e-07 -1.798034029330230318e-07 -9.468277811123965732e-07 4.837384443140349414e-04 -3.985355731333001966e-04 6.310913292585922699e-06 2.139814291285816547e-06 6.768790282419495397e-07 -3.870748437063854323e-07 8.379538688111478131e-03 -2.525151862981124930e-04 -3.422020517817008357e-04 1.876798132639057124e-03 3.501234401258075392e-05 5.534833628423231492e-04 -3.177225089756443915e-04 -5.616691878548636663e-03 3.251540799503734036e-02 5.505704254603003764e-03 -1.125344791367947211e-03 -5.045065782376220720e-03 1.282706094824747874e-04 6.692428840831827607e-05 7.253573257465555091e-03 -2.423658196514412574e-04 6.134357978923665007e-04 4.380920134623712305e-03
-1.515364696938397917e-05 -3.241229744651005268e-06 -3.413514469792450763e-07 -2.348795830534842202e-07 1.778963532445981366e-06 4.501379485068507835e-04 -8.478648201187396691e-04 -6.947362386453222237e-06 -1.699771664072134524e-06 2.545440036795692037e-07 1.468468615160625159e-07 9.676151865473820455e-04 4.384651660737488664e-05 2.583721466556194372e-04 4.510060967970996849e-04 -6.997285035244775854e-04 1.130501101381657745e-03 2.773366091226282478e-04 2.307848859948173528e-04 -4.801738215732926154e-03 -1.074537782458376224e-04 3.392527516806755159e-03 -1.240127941686068255e-03 -3.657688670501268308e-04 7.333671138590855312e-04 -2.423658196514412574e-04 2.875670809922811419e-03 5.726817185795863652e-04 -8.644416184213108778e-04
-1.746952902531501487e-05 -1.242051867226757845e-05 -4.600045229039676782e-07 -5.942931751717972203e-07 3.853791668169199182e-06 -1.382625221516024345e-05 9.856106720897599757e-04 -1.145837959107547194e-05 -1.285203719535105903e-06 -7.403969730591650036e-07 -2.938274106755874498e-07 6.729398387831503174e-03 -3.510706429750934133e-05 -1.692934421282013069e-03 2.407714889468919560e-03 -1.728985802954190925e-03 2.058431160466074779e-03 -3.815581220300241555e-04 -5.889445981056800131e-03 2.903276970554001177e-02 9.386590596031446632e-03 -3.089872171437573790e-03 -7.974880179431220045e-03 -1.363759287168822554e-04 3.633393367866894505e-05 6.134357978923665007e-04 5.726817185795863652e-04 6.574503512857926037e-03 7.800729039480052210e-03
-1.277354738191148530e-04 -5.546772287898487763e-05 -3.250373544684663930e-06 -3.146660034933584844e-06 1.594050944338154657e-05 4.749219517184577878e-04 1.326236251379157459e-03 -7.426101700494717301e-05 -3.741724161047669721e-06 -6.125299869710641887e-07 6.519236981917140736e-08 2.733464262133063205e-02 -6.257040603457631476e-05 -9.864236186025868505e-03 -1.835989103068882749e-03 -2.854301963363018758e-03 2.032910153509986592e-03 7.458545125284436923e-03 -4.597274168506235159e-03 2.363528376838952283e-01 8.841785317373737629e-02 2.551662728016785772e-02 -8.503661651393132175e-04 -1.274568652068453715e-04 -8.337452643087598769e-04 4.380920134623712305e-03 -8.644416184213110947e-04 7.800729039480050475e-03 7.096626774130529447e-02
