# logA ns theta_MC_100 ombh2 omch2 w wa tau A_act P_act
1.146200586309746789e-04 2.142743517469889021e-06 2.264690911638960582e-07 4.398642847229584214e-08 -3.563115709457102440e-07 7.882379946753406913e-04 1.686669507825589755e-03 5.546085998668533337e-05 1.942700415919139137e-06 1.812700908773912601e-07
2.142743517469889021e-06 1.856400590317534215e-05 3.324154234186991606e-07 2.288189989535583966e-08 -3.940741623221281560e-06 -6.094966527159173736e-05 -7.805197823781046028e-04 4.579147919415035762e-06 4.069473237413479100e-06 2.541858163579016402e-07
2.264690911638960582e-07 3.324154234186991606e-07 8.998859434124104891e-08 3.610620268508496007e-09 -1.267231585319565233e-07 -9.723336988695549217e-06 -1.730489697945477819e-05 2.102008049279673898e-07 1.587184186213032392e-08 6.896632446297101122e-08
4.398642847229584214e-08 2.288189989535583966e-08 3.610620268508496007e-09 1.516376622818395682e-08 -2.718911785559774113e-08 -2.482523763461118664e-06 -1.178336423935785120e-05 6.195997911938258072e-08 -1.387492455738563109e-08 -5.485828955447072205e-08
-3.563115709457102440e-07 -3.940741623221281560e-06 -1.267231585319565233e-07 -2.718911785559774113e-08 2.077385319151739609e-06 1.002509626375170054e-04 4.275286610894784515e-04 -2.619839960296585621e-06 3.263504340919005404e-08 -4.987171830933172562e-07
7.882379946753409082e-04 -6.094966527159173059e-05 -9.723336988695549217e-06 -2.482523763461118664e-06 1.002509626375170190e-04 3.853376893556620386e-01 -6.220761106222872927e-01 2.097845642197432965e-04 9.388364884983077985e-05 -3.669163842473168483e-05
1.686669507825589755e-03 -7.805197823781046028e-04 -1.730489697945478158e-05 -1.178336423935785120e-05 4.275286610894784515e-04 -6.220761106222872927e-01 1.798466195258009437e+00 2.246746737194013502e-04 1.154577064610815722e-04 -4.152355687350063601e-05
5.546085998668533337e-05 4.579147919415035762e-06 2.102008049279673898e-07 6.195997911938258072e-08 -2.619839960296585621e-06 2.097845642197432965e-04 2.246746737194013773e-04 3.172764340344999399e-05 -1.038764371357933617e-06 5.149647160194370318e-07
1.942700415919139137e-06 4.069473237413479100e-06 1.587184186213032392e-08 -1.387492455738563109e-08 3.263504340919005404e-08 9.388364884983079340e-05 1.154577064610815722e-04 -1.038764371357933617e-06 4.607372716923442785e-06 -1.080820793899190937e-06
1.812700908773912601e-07 2.541858163579016402e-07 6.896632446297101122e-08 -5.485828955447072205e-08 -4.987171830933172562e-07 -3.669163842473168483e-05 -4.152355687350064279e-05 5.149647160194370318e-07 -1.080820793899190937e-06 6.889949620347385883e-06
