# logA ns theta_MC_100 ombh2 omch2 w wa tau A_act P_act
1.152848519779706518e-04 1.689919117492808117e-06 1.550512190195468240e-07 3.926892180436063216e-09 4.852354594659880037e-08 8.696861953031083696e-04 1.413453787137143721e-03 5.546261569928841319e-05 1.821211264853567191e-06 -1.557833204597700749e-07
1.689919117492808117e-06 1.830206934268364583e-05 3.012224559454309169e-07 3.643660474419309900e-08 -4.048473931472383346e-06 -7.698654146656582311e-05 -7.682319713560390850e-04 4.468960697025046715e-06 3.985726825466472922e-06 4.558428106148628177e-07
1.550512190195468240e-07 3.012224559454309169e-07 9.063693701241244994e-08 4.395537444864482994e-09 -1.288459794674452875e-07 -9.876654537779680661e-06 -2.239393297751259606e-05 1.932973008448425366e-07 -5.417580322790137281e-09 6.585159069554544038e-08
3.926892180436063216e-09 3.643660474419309900e-08 4.395537444864482994e-09 1.402372981512525089e-08 -3.456859020739050981e-08 -2.193979871538106920e-06 -1.254405952154149621e-05 4.893675492287744639e-08 -1.567458776551246860e-08 -4.349030912146051800e-08
4.852354594659880037e-08 -4.048473931472383346e-06 -1.288459794674452875e-07 -3.456859020739050981e-08 2.136865494358547150e-06 1.211796006440550550e-04 4.249800924697513522e-04 -2.501219133998774802e-06 4.752146202988446143e-08 -5.173418543186059384e-07
8.696861953031083696e-04 -7.698654146656582311e-05 -9.876654537779680661e-06 -2.193979871538106920e-06 1.211796006440550550e-04 3.753250408015684214e-01 -5.994399219173851545e-01 2.239087421296249904e-04 1.050781118989552973e-04 -4.942415227634281403e-05
1.413453787137143721e-03 -7.682319713560390850e-04 -2.239393297751259606e-05 -1.254405952154149621e-05 4.249800924697513522e-04 -5.994399219173851545e-01 1.757811612708986893e+00 7.886267858767986763e-05 1.114720242800671529e-04 -5.451594888884962444e-05
5.546261569928841319e-05 4.468960697025046715e-06 1.932973008448425366e-07 4.893675492287744639e-08 -2.501219133998774802e-06 2.239087421296249904e-04 7.886267858767989473e-05 3.164242308966110399e-05 -1.064812196187204170e-06 3.568197620452653598e-07
1.821211264853567191e-06 3.985726825466472922e-06 -5.417580322790137281e-09 -1.567458776551246860e-08 4.752146202988446143e-08 1.050781118989552973e-04 1.114720242800671800e-04 -1.064812196187204170e-06 4.584316332604390030e-06 -1.019329388625588690e-06
-1.557833204597700749e-07 4.558428106148628177e-07 6.585159069554544038e-08 -4.349030912146051800e-08 -5.173418543186059384e-07 -4.942415227634281403e-05 -5.451594888884962444e-05 3.568197620452652539e-07 -1.019329388625588690e-06 6.727350714009527321e-06
