# logA ns theta_MC_100 ombh2 omch2 w wa tau A_act P_act
1.048143509244163734e-04 5.302292388882470220e-06 2.981743712092111586e-07 8.887369358248248569e-08 -2.733315506415356023e-06 -7.291001881229668255e-05 4.830416757872897605e-04 5.431377438708566500e-05 6.133172338271031721e-07 2.533521378058559213e-07
5.302292388882470220e-06 1.389497503135491496e-05 1.453583412068292626e-07 -1.369892479232661600e-08 -1.668495492946977274e-06 -2.563818200159675403e-05 2.066799647425327186e-04 3.354811132645114466e-06 4.218032946295593294e-06 1.335259406790081479e-08
2.981743712092111586e-07 1.453583412068292626e-07 7.637781831635302725e-08 1.457751178936861506e-09 -1.479281905959468124e-08 -1.437343147850171534e-06 9.681237987373258195e-06 1.176575891622170385e-07 3.170117611400269075e-08 3.822455526513280725e-08
8.887369358248248569e-08 -1.369892479232661600e-08 1.457751178936861506e-09 1.402062690086156697e-08 -4.827066960231659853e-09 1.840843580322414331e-08 9.660058911519971271e-07 5.073318688701377070e-08 -7.355049633740805989e-09 -5.696057309601636853e-08
-2.733315506415356023e-06 -1.668495492946977274e-06 -1.479281905959468124e-08 -4.827066960231659853e-09 7.697954257616493248e-07 1.053669261370955489e-05 -8.678615335702325297e-05 -2.116410555028025394e-06 -2.085714061237197357e-07 -2.474182957710888041e-07
-7.291001881229668255e-05 -2.563818200159675403e-05 -1.437343147850171534e-06 1.840843580322414331e-08 1.053669261370955489e-05 2.874441339112500382e-03 -9.532788541826231823e-03 -4.462924964015343413e-05 -5.440647949609998640e-06 -5.155289954702468339e-06
4.830416757872897605e-04 2.066799647425327186e-04 9.681237987373258195e-06 9.660058911519971271e-07 -8.678615335702325297e-05 -9.532788541826231823e-03 3.989284795867849981e-02 3.141993338747202207e-04 3.651387267408501427e-05 3.534647641051680029e-05
5.431377438708566500e-05 3.354811132645114466e-06 1.176575891622170385e-07 5.073318688701377070e-08 -2.116410555028025394e-06 -4.462924964015343413e-05 3.141993338747201664e-04 3.077945762290204735e-05 -1.297255913548820501e-06 2.097547953413092911e-07
6.133172338271031721e-07 4.218032946295593294e-06 3.170117611400269075e-08 -7.355049633740805989e-09 -2.085714061237197357e-07 -5.440647949609998640e-06 3.651387267408501427e-05 -1.297255913548820501e-06 4.433970993292289412e-06 -9.331393310140710818e-07
2.533521378058559213e-07 1.335259406790081479e-08 3.822455526513280725e-08 -5.696057309601636853e-08 -2.474182957710888041e-07 -5.155289954702468339e-06 3.534647641051680029e-05 2.097547953413092911e-07 -9.331393310140710818e-07 6.859071956091898440e-06
