# logA ns theta_MC_100 ombh2 omch2 w wa tau A_planck calib_100T calib_217T A_cib_217 xi_sz_cib A_sz ksz_norm gal545_A_100 gal545_A_143 gal545_A_143_217 gal545_A_217 ps_A_100_100 ps_A_143_143 ps_A_143_217 ps_A_217_217 galf_TE_A_100 galf_TE_A_100_143 galf_TE_A_100_217 galf_TE_A_143 galf_TE_A_143_217 galf_TE_A_217
1.921333004278482466e-04 1.742254616483542078e-05 7.883884647266297756e-07 5.900833198119968287e-07 -6.506663476759883383e-06 -1.594372326568349444e-04 1.305662809804752520e-03 1.001507448460021592e-04 3.091838403825072196e-06 -2.264978273148484285e-08 -1.427792226809663896e-07 -4.544794564951724729e-03 1.026959284511262346e-04 1.057547425949137117e-03 -1.277516416603522104e-03 -5.395727105468835823e-04 -2.302223619132961314e-04 -4.242174451758670977e-04 1.140008079933101017e-03 -2.325429001490725636e-02 -6.738458470018150390e-03 4.643265707372080226e-04 4.831853229633902708e-03 -3.780928546988798398e-06 -4.356819890558275489e-06 3.946309224298499727e-06 -1.566755877969649169e-05 -2.988178452343267523e-06 -2.487607968856190530e-05
1.742254616483542078e-05 1.754230490393716345e-05 4.539295374437647468e-07 2.615563637796953197e-07 -3.500233930825125299e-06 5.434499929846702047e-05 -1.211097936719302963e-04 1.184847593622132388e-05 1.665707993270065526e-06 -8.721957804124965812e-08 -5.856618952220726727e-08 -4.328441987934516892e-03 1.194140394092191933e-04 1.043857949015823856e-03 -2.387148199420843515e-03 1.808128962573584254e-04 -3.461212065007576982e-04 -3.324429249884924440e-04 1.192231985415509151e-03 -2.412585438371624841e-02 -6.263471048906878169e-03 2.290643737890241290e-03 5.465733330254044994e-03 1.601746147910865409e-06 -9.178729807174974260e-07 1.691211160221198883e-06 -7.565830160335566267e-06 2.290107931490717073e-06 -1.968780143145599552e-05
7.883884647266297756e-07 4.539295374437647468e-07 9.557232195509479365e-08 1.539086119568338186e-08 -1.251924017345825993e-07 3.096691567297794276e-06 -8.747949977473654950e-06 4.066412072684361540e-07 9.082937652684508285e-08 1.241112592517184457e-09 -1.969263061939736742e-09 -2.424891703460835303e-07 1.968421069845017174e-06 1.979994805332629877e-05 -3.658892989974229371e-05 -1.046376544830321122e-05 2.824730203522249822e-06 -1.385037156032495715e-05 -2.821560312249392333e-05 -3.504992121851884933e-05 -3.466963162911660036e-05 7.836668209618795062e-05 6.049989741004499570e-05 -1.035260497247551212e-08 -1.878716686272207669e-07 1.186731821627075565e-07 -2.409450829268075137e-07 -1.803727925132200253e-07 -2.778686389049324250e-06
5.900833198119968287e-07 2.615563637796953197e-07 1.539086119568338186e-08 2.091357823091404806e-08 -9.214124779468187776e-08 1.986817339921589298e-06 -5.297824144507424231e-06 3.215714149285152215e-07 4.199910775013920276e-08 2.956914447250413231e-09 -1.209382844493613028e-09 -7.192154588915781565e-05 2.899782333906620798e-06 2.472198121318708940e-05 -4.454595370534494332e-05 -9.762673203299319448e-07 -6.267955650430238330e-06 -5.586675622446360207e-06 1.374311909516661402e-05 -4.586009278079049203e-04 -1.984452713985724269e-04 -2.092317833258936681e-05 2.532953148801102264e-05 -5.954151586877378060e-08 1.948992705590956546e-08 4.463808576485548133e-08 -2.330017736532543691e-07 -4.839306541822897054e-07 -1.489635011503974808e-06
-6.506663476759883383e-06 -3.500233930825125299e-06 -1.251924017345825993e-07 -9.214124779468187776e-08 1.401420816170380631e-06 -2.393890542827768899e-05 6.017658230688477329e-05 -4.075506692599139770e-06 -8.007286741805885410e-07 -9.349294245805233310e-09 -2.378800326336098310e-09 2.748255380005033854e-04 -1.006787025101976760e-05 -1.087368502973098136e-04 2.143894105238856071e-04 -6.774271796502138344e-06 -3.689981591429859545e-06 3.456083829624599483e-06 -1.669051511367085783e-04 1.665107181631749660e-03 8.504066199213687442e-04 1.931841450708216874e-05 -3.640547919636429345e-04 2.902456930141785261e-07 -3.083937881361818814e-07 -1.234033891584125540e-06 1.711844275001051649e-06 -9.032876510025061451e-07 3.921945507532025309e-06
-1.594372326568349715e-04 5.434499929846702047e-05 3.096691567297794276e-06 1.986817339921589298e-06 -2.393890542827768899e-05 9.344115389953319695e-03 -4.436989242179333742e-02 -2.946045445285045558e-05 -2.188039920570067598e-05 1.024157401097699985e-06 3.631461199647650440e-07 -2.562380019275083218e-03 -6.875061520904773111e-04 3.304993568812079896e-03 -2.095347301347856399e-03 3.315696665509617388e-03 5.400406320163535180e-04 -5.635595880052719255e-03 -9.272565077498670649e-03 -3.379240851421833058e-02 -4.100525145864714754e-02 -2.207112390002470559e-02 -1.252286471181982865e-02 -3.027457999257742835e-05 2.682288288744742456e-05 7.158310162038210788e-05 -2.490529981591495999e-05 7.931086407166068283e-05 -2.232137513050928650e-04
1.305662809804752737e-03 -1.211097936719302828e-04 -8.747949977473654950e-06 -5.297824144507423384e-06 6.017658230688477329e-05 -4.436989242179333742e-02 2.328979773027598232e-01 4.193321505288698757e-04 1.575537334077627442e-04 -4.697889885559451704e-06 -4.932938738115398439e-06 -1.370661540359387372e-02 4.065892375411229651e-03 -4.482287415600497323e-03 -2.096841197985736967e-04 -1.961919514760413971e-02 -7.237628691101468878e-04 3.142016956382466530e-02 6.230851557774612359e-02 2.590344193609444429e-02 1.556712349924935512e-01 1.210182335864867370e-01 9.954185167585678784e-02 5.709722076937675064e-05 -6.325842817389822959e-05 -3.785193166833363053e-04 1.073653211902632690e-04 -5.886286479036765672e-04 8.698165287329527465e-04
1.001507448460021592e-04 1.184847593622132388e-05 4.066412072684361540e-07 3.215714149285152215e-07 -4.075506692599139770e-06 -2.946045445285045558e-05 4.193321505288698757e-04 5.772602908393757888e-05 -2.441220571811035528e-06 -6.724038786328870018e-08 -5.016130415229187112e-08 -2.405657309751532864e-03 4.042765967557292671e-05 6.619612127512213440e-04 -7.841176932624211848e-04 -2.278832897820314463e-04 3.141766427497596207e-05 -1.050172824868107318e-04 6.053397749515106359e-05 -1.547297307432874205e-02 -4.514031922504685435e-03 -4.714158110457536540e-04 8.373362110039059107e-04 -2.466628368918055616e-06 -2.198681833450764541e-06 8.835940213927378516e-07 -7.018843819203737959e-06 2.540921663160109147e-06 -2.584632479476328863e-05
3.091838403825072196e-06 1.665707993270065526e-06 9.082937652684508285e-08 4.199910775013920276e-08 -8.007286741805885410e-07 -2.188039920570067598e-05 1.575537334077627984e-04 -2.441220571811035528e-06 5.027912267594669956e-06 -1.121749945963266218e-08 -1.093062334433440866e-08 5.217353957688064580e-04 -3.221872068786359469e-06 -1.087151829517937108e-05 2.537849738427958002e-04 1.133973016420458262e-04 1.354842825412725564e-04 1.018946863294210273e-04 7.467159129571412099e-04 3.705832361187999698e-03 9.704022413417812869e-05 -1.635348069774318820e-04 6.963673537764862240e-04 7.476782892325176076e-07 1.856066098721831687e-07 1.168074988996234828e-06 -2.926914595917576803e-06 -1.382805348690684263e-06 9.833331435700118622e-06
-2.264978273148484285e-08 -8.721957804124965812e-08 1.241112592517184457e-09 2.956914447250413231e-09 -9.349294245805233310e-09 1.024157401097699985e-06 -4.697889885559451704e-06 -6.724038786328870018e-08 -1.121749945963266218e-08 3.782315488189969209e-07 -1.512510629541196721e-09 -1.452568374966683085e-04 1.633548816468745445e-06 9.004514757499476856e-05 -8.614147265813608758e-05 1.799316615911556209e-04 -1.745761896459920156e-04 -5.013865130698136314e-05 -1.534184429127689344e-05 3.911698830885749871e-03 8.861860298012527357e-05 3.796755917166610202e-04 4.442819167170463323e-04 9.405885721123848230e-08 -1.442204337978310138e-09 2.202440683011542051e-07 3.930179585219182092e-07 1.110171169798211953e-07 -1.883933155630013119e-06
-1.427792226809663896e-07 -5.856618952220726727e-08 -1.969263061939736742e-09 -1.209382844493613028e-09 -2.378800326336098310e-09 3.631461199647649911e-07 -4.932938738115398439e-06 -5.016130415229187112e-08 -1.093062334433440866e-08 -1.512510629541196721e-09 3.897598288288693072e-07 7.311315509262683544e-04 4.490231946635679022e-06 -5.772042270087490229e-05 2.174887313023057082e-05 -5.975605408303005857e-06 -3.971148647702730833e-05 3.929492545820272476e-04 8.678552015128799006e-04 5.903441244839641774e-04 1.565121222525180133e-04 -2.958183651344384649e-04 -1.349271530273636610e-03 -3.200979910655090310e-07 -4.325934233129467651e-07 -8.935636174045392898e-07 -6.245011978797504565e-07 -2.819046448970702153e-07 1.193076436014196830e-06
-4.544794564951724729e-03 -4.328441987934516892e-03 -2.424891703460835303e-07 -7.192154588915781565e-05 2.748255380005034396e-04 -2.562380019275083652e-03 -1.370661540359386678e-02 -2.405657309751532864e-03 5.217353957688064580e-04 -1.452568374966683356e-04 7.311315509262683544e-04 4.366256511237649107e+01 -3.492931017619242962e-01 -9.047549795414916440e-01 -2.259234404637975036e-01 -5.835817130442838563e-02 5.156914178043884300e-01 -5.819241723851197534e+00 -3.303889932253004957e+01 3.703787929091875952e+01 2.056083855773190638e+00 -1.250249690401319036e+01 -5.380348357240536217e+01 -2.252987534495085910e-03 -1.347845594196389434e-03 5.779433059336636785e-03 -2.115670628590637925e-03 -1.042792079986698322e-03 -1.164250105045330080e-02
1.026959284511262346e-04 1.194140394092191933e-04 1.968421069845016751e-06 2.899782333906620798e-06 -1.006787025101976590e-05 -6.875061520904772027e-04 4.065892375411229651e-03 4.042765967557294027e-05 -3.221872068786360316e-06 1.633548816468745022e-06 4.490231946635679022e-06 -3.492931017619242962e-01 8.221149246860190440e-02 -3.493818121594387954e-02 3.742394234519814261e-02 -1.154945909613189388e-02 1.120085398468630145e-02 1.116835363474990156e-01 1.354965421473516285e-01 -7.248428931295529676e-01 8.978533767324904380e-01 1.693842319378244810e+00 5.580806679658151248e-01 1.795593847289126072e-04 -1.296688434233185647e-04 -9.897777900200118188e-05 -1.551339819247172429e-04 -5.202545402394664399e-05 8.661382031973204271e-04
1.057547425949136900e-03 1.043857949015823856e-03 1.979994805332629877e-05 2.472198121318708940e-05 -1.087368502973097865e-04 3.304993568812079462e-03 -4.482287415600496455e-03 6.619612127512211272e-04 -1.087151829517936430e-05 9.004514757499478212e-05 -5.772042270087488874e-05 -9.047549795414916440e-01 -3.493818121594387954e-02 3.867645422343692907e+00 -2.785956098385472757e+00 -1.762811991175147475e-01 2.097547765924100138e-01 2.715118389260227083e+00 3.339867246026025249e+00 -3.050001425365199381e+01 -2.922496474688606849e+00 7.985885537298815784e+00 5.509858563053900760e+00 -9.590072023903639100e-04 -6.846118722552282324e-04 1.266929302413192550e-03 -8.076836677907838370e-04 -1.916120816060254634e-03 1.826594224471823251e-03
-1.277516416603522104e-03 -2.387148199420843515e-03 -3.658892989974230726e-05 -4.454595370534492976e-05 2.143894105238856071e-04 -2.095347301347857266e-03 -2.096841197985665952e-04 -7.841176932624209679e-04 2.537849738427958002e-04 -8.614147265813611469e-05 2.174887313023057082e-05 -2.259234404637975868e-01 3.742394234519814261e-02 -2.785956098385472757e+00 5.882959771071107014e+00 1.570883637967512014e-01 -2.419545595875728372e-01 -2.246275520939530868e+00 -2.385172053564934558e+00 1.314234936802984066e+01 -5.330605309423710025e+00 -1.206636030371781665e+01 -9.057302382405081786e+00 3.395892406769499450e-04 7.950460319478309815e-04 -1.614528484152894698e-03 2.029159043525738133e-03 2.048476889633362667e-03 7.918967237904107935e-04
-5.395727105468835823e-04 1.808128962573584526e-04 -1.046376544830321122e-05 -9.762673203299319448e-07 -6.774271796502143426e-06 3.315696665509617388e-03 -1.961919514760413277e-02 -2.278832897820314463e-04 1.133973016420458262e-04 1.799316615911556209e-04 -5.975605408303006704e-06 -5.835817130442838563e-02 -1.154945909613189561e-02 -1.762811991175147475e-01 1.570883637967512014e-01 3.383959594028323803e+00 5.580733330095660749e-01 1.905701813858052818e-01 2.990959588085134735e-01 -6.985219752122405978e+00 -3.983253291931644346e-01 -7.748872388475090967e-01 -3.343625978716365799e-01 -2.171485009694610799e-04 -7.209479659530848746e-04 -5.848731980986962694e-04 -2.032686140832337673e-03 2.871357799708911993e-04 -7.546068280028081846e-03
-2.302223619132961314e-04 -3.461212065007576982e-04 2.824730203522250669e-06 -6.267955650430235789e-06 -3.689981591429858275e-06 5.400406320163539517e-04 -7.237628691101468878e-04 3.141766427497598918e-05 1.354842825412725564e-04 -1.745761896459919614e-04 -3.971148647702730833e-05 5.156914178043883190e-01 1.120085398468630145e-02 2.097547765924100138e-01 -2.419545595875728372e-01 5.580733330095660749e-01 3.175157900116871712e+00 2.819213840885401723e+00 2.925318121895560619e+00 5.703096031780251707e+00 -1.184409479776203922e+00 -4.859533388979737079e-01 -1.178270006984709184e+00 -2.553799086975620976e-04 -4.764315883141785076e-05 1.261152970768259808e-03 4.813364966143460688e-04 1.542266560645510739e-03 5.024633515141705906e-03
-4.242174451758670977e-04 -3.324429249884924440e-04 -1.385037156032496562e-05 -5.586675622446360207e-06 3.456083829624577036e-06 -5.635595880052719255e-03 3.142016956382466530e-02 -1.050172824868107318e-04 1.018946863294210408e-04 -5.013865130698136314e-05 3.929492545820272476e-04 -5.819241723851197534e+00 1.116835363474989878e-01 2.715118389260227083e+00 -2.246275520939530868e+00 1.905701813858052818e-01 2.819213840885402167e+00 1.104706900147941440e+01 1.965162998755019075e+01 -1.320479786961186974e+01 3.607649622026648739e+00 5.393954184243622052e+00 5.518209788206611677e+00 -1.239852677965665867e-03 -8.075018426747238021e-04 -4.731110328049099563e-04 -2.122480277045771680e-03 -4.167420138112341681e-03 1.425697325970529811e-02
1.140008079933101017e-03 1.192231985415509151e-03 -2.821560312249392333e-05 1.374311909516661402e-05 -1.669051511367086326e-04 -9.272565077498670649e-03 6.230851557774609584e-02 6.053397749515106359e-05 7.467159129571412099e-04 -1.534184429127689344e-05 8.678552015128799006e-04 -3.303889932253004957e+01 1.354965421473516285e-01 3.339867246026025249e+00 -2.385172053564934558e+00 2.990959588085135290e-01 2.925318121895560619e+00 1.965162998755019075e+01 5.398053100218488254e+01 -2.552901227178664456e+01 4.222974124012614183e+00 8.500948655685673927e+00 3.298817331679101272e+01 -8.447168453528892734e-04 -3.792372463062586340e-04 -5.769447567775414822e-03 -3.380627309109367640e-03 -7.543564906994232322e-03 2.835941307338116918e-02
-2.325429001490725636e-02 -2.412585438371624841e-02 -3.504992121851886288e-05 -4.586009278079049203e-04 1.665107181631749660e-03 -3.379240851421832365e-02 2.590344193609439918e-02 -1.547297307432874205e-02 3.705832361187999698e-03 3.911698830885749871e-03 5.903441244839641774e-04 3.703787929091875952e+01 -7.248428931295529676e-01 -3.050001425365199381e+01 1.314234936802984066e+01 -6.985219752122405978e+00 5.703096031780250819e+00 -1.320479786961186974e+01 -2.552901227178664456e+01 7.817296187099508415e+02 6.445237650890676662e+01 -5.904425606653420999e+01 -6.139105963816517431e+01 6.222470856121305703e-03 1.460979524889765083e-02 -1.436319854090417798e-02 2.632768965484189386e-02 3.573839464185192116e-03 -2.275600546610784258e-02
-6.738458470018150390e-03 -6.263471048906878169e-03 -3.466963162911660036e-05 -1.984452713985724269e-04 8.504066199213687442e-04 -4.100525145864714754e-02 1.556712349924935512e-01 -4.514031922504685435e-03 9.704022413417810159e-05 8.861860298012528712e-05 1.565121222525180133e-04 2.056083855773190638e+00 8.978533767324904380e-01 -2.922496474688606849e+00 -5.330605309423710025e+00 -3.983253291931644346e-01 -1.184409479776203922e+00 3.607649622026648739e+00 4.222974124012614183e+00 6.445237650890676662e+01 5.954927954250920408e+01 3.974051241973581483e+01 1.435642965972794904e+01 4.534987105996977561e-03 -2.012345335181639407e-03 -8.735188094275127269e-03 -1.036537750396868260e-03 3.483436041127398273e-03 3.592864221457215540e-02
4.643265707372081852e-04 2.290643737890241290e-03 7.836668209618796418e-05 -2.092317833258936681e-05 1.931841450708219585e-05 -2.207112390002470559e-02 1.210182335864867370e-01 -4.714158110457535456e-04 -1.635348069774318820e-04 3.796755917166609660e-04 -2.958183651344384649e-04 -1.250249690401319214e+01 1.693842319378244810e+00 7.985885537298815784e+00 -1.206636030371781665e+01 -7.748872388475090967e-01 -4.859533388979737079e-01 5.393954184243622052e+00 8.500948655685673927e+00 -5.904425606653420999e+01 3.974051241973581483e+01 8.487171381473417853e+01 5.137741852009655474e+01 4.593251727146629819e-03 -4.458577919816470413e-03 -2.755715943773949777e-03 -3.041033564456271064e-03 8.042887433206255456e-04 4.247987091194510567e-02
4.831853229633902708e-03 5.465733330254044994e-03 6.049989741004499570e-05 2.532953148801102264e-05 -3.640547919636429345e-04 -1.252286471181982865e-02 9.954185167585676008e-02 8.373362110039061276e-04 6.963673537764863324e-04 4.442819167170463323e-04 -1.349271530273636610e-03 -5.380348357240536217e+01 5.580806679658151248e-01 5.509858563053900760e+00 -9.057302382405081786e+00 -3.343625978716365799e-01 -1.178270006984709184e+00 5.518209788206611677e+00 3.298817331679101272e+01 -6.139105963816516010e+01 1.435642965972794904e+01 5.137741852009655474e+01 1.012150422325216539e+02 4.036866553391362314e-03 5.134496267421977686e-04 -4.116172746071597270e-03 2.807697808987104793e-03 4.303872884554716186e-03 3.176299474409383095e-02
-3.780928546988797975e-06 1.601746147910865409e-06 -1.035260497247552370e-08 -5.954151586877378060e-08 2.902456930141783143e-07 -3.027457999257741818e-05 5.709722076937670320e-05 -2.466628368918055616e-06 7.476782892325176076e-07 9.405885721123845583e-08 -3.200979910655089251e-07 -2.252987534495085910e-03 1.795593847289126343e-04 -9.590072023903642353e-04 3.395892406769496739e-04 -2.171485009694611612e-04 -2.553799086975620976e-04 -1.239852677965666301e-03 -8.447168453528903576e-04 6.222470856121309173e-03 4.534987105996976693e-03 4.593251727146628952e-03 4.036866553391364049e-03 1.449661000315286300e-03 2.880900232334560268e-04 1.304487145954029740e-04 -3.386894758146768124e-04 -8.933262247341487217e-05 -6.097876305645798343e-05
-4.356819890558277183e-06 -9.178729807174975319e-07 -1.878716686272207669e-07 1.948992705590957208e-08 -3.083937881361818814e-07 2.682288288744741778e-05 -6.325842817389825670e-05 -2.198681833450765388e-06 1.856066098721830628e-07 -1.442204337978390995e-09 -4.325934233129467651e-07 -1.347845594196389434e-03 -1.296688434233185647e-04 -6.846118722552282324e-04 7.950460319478308731e-04 -7.209479659530848746e-04 -4.764315883141788464e-05 -8.075018426747235852e-04 -3.792372463062583087e-04 1.460979524889765256e-02 -2.012345335181639841e-03 -4.458577919816470413e-03 5.134496267421980939e-04 2.880900232334560268e-04 8.843672627733310332e-04 4.268177428433215262e-05 7.310278999020507510e-04 1.425662234698786019e-05 -8.439032670891696971e-04
3.946309224298502268e-06 1.691211160221198883e-06 1.186731821627075962e-07 4.463808576485546148e-08 -1.234033891584125116e-06 7.158310162038210788e-05 -3.785193166833363053e-04 8.835940213927402868e-07 1.168074988996234828e-06 2.202440683011542051e-07 -8.935636174045390781e-07 5.779433059336636785e-03 -9.897777900200127675e-05 1.266929302413192767e-03 -1.614528484152894698e-03 -5.848731980986959442e-04 1.261152970768259808e-03 -4.731110328049085469e-04 -5.769447567775414822e-03 -1.436319854090418492e-02 -8.735188094275130738e-03 -2.755715943773949343e-03 -4.116172746071597270e-03 1.304487145954029740e-04 4.268177428433215939e-05 7.186066621533739908e-03 -3.343995139943418612e-04 5.652571330040472280e-04 4.185118428031851974e-03
-1.566755877969648830e-05 -7.565830160335567961e-06 -2.409450829268076196e-07 -2.330017736532543955e-07 1.711844275001051649e-06 -2.490529981591495321e-05 1.073653211902633097e-04 -7.018843819203737959e-06 -2.926914595917576803e-06 3.930179585219184739e-07 -6.245011978797506683e-07 -2.115670628590636624e-03 -1.551339819247172429e-04 -8.076836677907842706e-04 2.029159043525737699e-03 -2.032686140832338107e-03 4.813364966143455267e-04 -2.122480277045772114e-03 -3.380627309109367640e-03 2.632768965484189039e-02 -1.036537750396868910e-03 -3.041033564456271931e-03 2.807697808987105227e-03 -3.386894758146768124e-04 7.310278999020508595e-04 -3.343995139943418612e-04 2.858024602335470805e-03 5.068687081888539675e-04 -1.102334954304369204e-03
-2.988178452343270065e-06 2.290107931490717073e-06 -1.803727925132199988e-07 -4.839306541822897054e-07 -9.032876510025061451e-07 7.931086407166068283e-05 -5.886286479036764588e-04 2.540921663160108724e-06 -1.382805348690685110e-06 1.110171169798211953e-07 -2.819046448970701094e-07 -1.042792079986697889e-03 -5.202545402394671175e-05 -1.916120816060253767e-03 2.048476889633362667e-03 2.871357799708915788e-04 1.542266560645510739e-03 -4.167420138112341681e-03 -7.543564906994232322e-03 3.573839464185189514e-03 3.483436041127400008e-03 8.042887433206276056e-04 4.303872884554717053e-03 -8.933262247341487217e-05 1.425662234698786696e-05 5.652571330040472280e-04 5.068687081888539675e-04 6.365727250232930574e-03 8.079980146960534515e-03
-2.487607968856190191e-05 -1.968780143145599552e-05 -2.778686389049324250e-06 -1.489635011503974808e-06 3.921945507532026156e-06 -2.232137513050928108e-04 8.698165287329529633e-04 -2.584632479476328863e-05 9.833331435700118622e-06 -1.883933155630013119e-06 1.193076436014196619e-06 -1.164250105045330080e-02 8.661382031973203187e-04 1.826594224471821733e-03 7.918967237904097093e-04 -7.546068280028081846e-03 5.024633515141705038e-03 1.425697325970529811e-02 2.835941307338116918e-02 -2.275600546610785993e-02 3.592864221457214846e-02 4.247987091194511261e-02 3.176299474409383095e-02 -6.097876305645798343e-05 -8.439032670891699140e-04 4.185118428031851974e-03 -1.102334954304368987e-03 8.079980146960534515e-03 7.236470057005386924e-02
