# logA ns theta_MC_100 ombh2 omch2 w wa tau A_act P_act
1.136121494896982174e-04 2.720726418337059782e-06 1.111901194024685254e-07 -1.834517245770311883e-08 -1.039351168894045606e-07 6.536246125661819171e-04 1.933503624379121150e-03 5.492187755509999659e-05 2.097607267619676850e-06 3.410975211012316183e-07
2.720726418337059782e-06 1.703387977626296391e-05 2.690039367822113925e-07 3.983091920634108237e-08 -3.918338536835634699e-06 -1.083838046223009794e-04 -6.740734904662434336e-04 5.096563763954620944e-06 3.513328872153625531e-06 2.999693789037949798e-07
1.111901194024685254e-07 2.690039367822113925e-07 8.707213381636449792e-08 3.902869661480061781e-09 -1.207143645190616859e-07 -9.619797788916921441e-06 -2.203121101066294219e-05 1.570023304838495961e-07 -1.210729753365473387e-09 5.980809759519386221e-08
-1.834517245770311883e-08 3.983091920634108237e-08 3.902869661480061781e-09 1.431278107527525076e-08 -3.491381298111890184e-08 -3.427964455568093099e-06 -9.620744597933487854e-06 3.445007495002012102e-08 -1.238462195913184813e-08 -4.732924687246702939e-08
-1.039351168894045606e-07 -3.918338536835634699e-06 -1.207143645190616859e-07 -3.491381298111890184e-08 2.081949258349643011e-06 1.032210003702322261e-04 4.158391606396133608e-04 -2.548007176299247195e-06 7.211083708491168532e-08 -4.333059119924601899e-07
6.536246125661819171e-04 -1.083838046223009794e-04 -9.619797788916921441e-06 -3.427964455568093522e-06 1.032210003702322125e-04 3.888146090283896017e-01 -6.420719762997879609e-01 1.476906522756459483e-04 6.993204856453869619e-05 -4.639032867545264622e-05
1.933503624379121150e-03 -6.740734904662434336e-04 -2.203121101066294219e-05 -9.620744597933487854e-06 4.158391606396134150e-04 -6.420719762997879609e-01 1.819770051222976193e+00 3.396810432754087446e-04 1.681578071609295621e-04 7.804115514726287246e-06
5.492187755509999659e-05 5.096563763954620944e-06 1.570023304838495961e-07 3.445007495002012102e-08 -2.548007176299247195e-06 1.476906522756459483e-04 3.396810432754087446e-04 3.144722883315058138e-05 -8.093859924437506512e-07 4.806303720540163061e-07
2.097607267619676850e-06 3.513328872153625531e-06 -1.210729753365473387e-09 -1.238462195913184813e-08 7.211083708491168532e-08 6.993204856453869619e-05 1.681578071609295621e-04 -8.093859924437506512e-07 4.328589214819098216e-06 -1.009584238021787844e-06
3.410975211012316183e-07 2.999693789037949798e-07 5.980809759519386221e-08 -4.732924687246702939e-08 -4.333059119924601899e-07 -4.639032867545264622e-05 7.804115514726295716e-06 4.806303720540163061e-07 -1.009584238021787844e-06 6.749934518047341958e-06
