# logA ns theta_MC_100 ombh2 omch2 w wa tau A_act P_act
1.051494988225728123e-04 4.824433053196966784e-06 2.527949034185274764e-07 1.513544324849325814e-07 -2.727431779646087198e-06 -3.817910447463043495e-04 1.306776523897040928e-03 5.467745867631459310e-05 4.142476694099116505e-07 -1.254562878100191864e-07
4.824433053196966784e-06 1.425091336452145719e-05 1.088295663258889282e-07 7.404977160920363302e-09 -1.766692914599153925e-06 -1.526564591464060457e-04 5.592023210712328231e-04 3.222109104381094546e-06 4.294384811298967034e-06 -1.618214968067521395e-07
2.527949034185274764e-07 1.088295663258889282e-07 7.685704335017908562e-08 8.768069454401133696e-10 -9.992561619245225251e-09 -7.645942357435652921e-06 2.668136668613089931e-05 9.095933053533958624e-08 2.061109319387711480e-08 3.729010032672100654e-08
1.513544324849325814e-07 7.404977160920363302e-09 8.768069454401133696e-10 1.360521089759633337e-08 -8.473530226767428407e-09 -5.299980798345855078e-07 2.914408137132574818e-06 8.210249836080725909e-08 1.568255655241612323e-09 -5.705535877258950983e-08
-2.727431779646087198e-06 -1.766692914599153925e-06 -9.992561619245225251e-09 -8.473530226767428407e-09 8.330939947034904427e-07 6.571418675361383611e-05 -2.440243802342472389e-04 -2.178565700922812192e-06 -2.096593818324336898e-07 -1.795049044593651984e-07
-3.817910447463043495e-04 -1.526564591464060457e-04 -7.645942357435652921e-06 -5.299980798345856137e-07 6.571418675361383611e-05 4.238327652793778821e-02 -1.168460335956801460e-01 -2.448057711988412357e-04 -2.948304949083622585e-05 -1.441632155172597614e-05
1.306776523897040928e-03 5.592023210712328231e-04 2.668136668613089931e-05 2.914408137132574818e-06 -2.440243802342472389e-04 -1.168460335956801460e-01 3.356770050714547038e-01 8.579635135565252119e-04 1.010821726974307972e-04 5.462595546003554565e-05
5.467745867631459310e-05 3.222109104381094546e-06 9.095933053533958624e-08 8.210249836080725909e-08 -2.178565700922812192e-06 -2.448057711988411815e-04 8.579635135565251034e-04 3.107216879439593759e-05 -1.355297522647878432e-06 -7.532272280349932128e-08
4.142476694099116505e-07 4.294384811298967034e-06 2.061109319387711480e-08 1.568255655241612323e-09 -2.096593818324336898e-07 -2.948304949083622585e-05 1.010821726974307972e-04 -1.355297522647878432e-06 4.412936899068248670e-06 -9.125924034744826872e-07
-1.254562878100191864e-07 -1.618214968067521395e-07 3.729010032672100654e-08 -5.705535877258950983e-08 -1.795049044593651984e-07 -1.441632155172597614e-05 5.462595546003555242e-05 -7.532272280349932128e-08 -9.125924034744826872e-07 6.596752440347798872e-06
