# logA ns theta_MC_100 ombh2 omch2 w wa tau A_act P_act
1.140973795595140970e-04 5.094372005803761286e-06 3.089967712715666117e-07 1.002800539597691702e-07 -2.503931755768175413e-06 -2.363059719852671973e-04 1.363782662758442326e-03 5.818515634670362233e-05 1.198037668555264042e-06 5.575324400398696295e-07
5.094372005803761286e-06 1.745487732836769899e-05 2.709419127574858584e-07 6.594516357108337062e-09 -3.277498024861339326e-06 7.873326322875080123e-05 -2.817999907080001782e-04 5.148634390340311319e-06 4.371740838150494162e-06 1.592395804010672950e-07
3.089967712715666117e-07 2.709419127574858584e-07 8.225787931802268136e-08 2.685317170423201313e-09 -8.342250286394583811e-08 3.842658019170052810e-06 -1.494324777883943064e-05 2.021852349503623463e-07 3.178844018394862427e-08 6.116303021266442256e-08
1.002800539597691702e-07 6.594516357108337062e-09 2.685317170423201313e-09 1.402423411096842209e-08 -1.676197237526759014e-08 1.160865578244364179e-06 -5.282366529577084024e-06 7.575419570926285032e-08 -1.238432025645505505e-08 -4.793775121559575818e-08
-2.503931755768175413e-06 -3.277498024861339326e-06 -8.342250286394583811e-08 -1.676197237526759014e-08 1.620221619744813576e-06 -5.150369606173659464e-05 2.062099921842268987e-04 -2.978656832304701112e-06 -2.298404324036983949e-07 -4.189251666641473049e-07
-2.363059719852671973e-04 7.873326322875080123e-05 3.842658019170052810e-06 1.160865578244363968e-06 -5.150369606173659464e-05 1.027433104494097568e-02 -4.718347335674458881e-02 -4.335278249933691364e-05 -1.781082678116973212e-05 1.113201278014462461e-05
1.363782662758442326e-03 -2.817999907080001782e-04 -1.494324777883943064e-05 -5.282366529577084024e-06 2.062099921842268987e-04 -4.718347335674457493e-02 2.352756004220850905e-01 3.484210003179614946e-04 1.084514340902048714e-04 -3.903582452221938205e-05
5.818515634670362233e-05 5.148634390340311319e-06 2.021852349503623463e-07 7.575419570926285032e-08 -2.978656832304701112e-06 -4.335278249933691364e-05 3.484210003179614946e-04 3.347690001797000518e-05 -9.777017944348219508e-07 5.555106885310671423e-07
1.198037668555264042e-06 4.371740838150494162e-06 3.178844018394862427e-08 -1.238432025645505505e-08 -2.298404324036983949e-07 -1.781082678116973212e-05 1.084514340902048714e-04 -9.777017944348219508e-07 4.463171800768832410e-06 -9.778509259102611559e-07
5.575324400398696295e-07 1.592395804010672950e-07 6.116303021266442256e-08 -4.793775121559575818e-08 -4.189251666641473049e-07 1.113201278014462461e-05 -3.903582452221938205e-05 5.555106885310671423e-07 -9.778509259102611559e-07 6.796909263124005121e-06
