# logA ns theta_MC_100 ombh2 omch2 w wa tau A_act P_act
1.033291122482961338e-04 6.206120649770442971e-06 3.943816921651433784e-07 6.907132116738724634e-08 -2.848109524306158919e-06 -6.197994238149878851e-05 4.510483137721340977e-04 5.390891924526607429e-05 7.030789256562225611e-07 7.922626611230573631e-07
6.206120649770442971e-06 1.453182866033519521e-05 1.506771317222844679e-07 -8.467335558455181388e-09 -1.809403951306000421e-06 -3.708117214836593534e-05 2.512383585277112451e-04 3.959877280515598001e-06 4.249405959922100016e-06 -7.973199478077771937e-09
3.943816921651433784e-07 1.506771317222844679e-07 7.527712047241440674e-08 3.151010471125868588e-09 -2.117848345332215143e-08 -1.317655657367914561e-06 8.885012866084046352e-06 1.759465371714296169e-07 2.184223278794915248e-08 3.653111083925067324e-08
6.907132116738724634e-08 -8.467335558455181388e-09 3.151010471125868588e-09 1.357511253658563461e-08 -5.280126074870221188e-09 1.362036764991333374e-07 6.010293940821380038e-07 3.788033849370130692e-08 -4.368452108579622358e-09 -5.367873272779414831e-08
-2.848109524306158919e-06 -1.809403951306000421e-06 -2.117848345332215143e-08 -5.280126074870221188e-09 8.248026992485333078e-07 1.328430255219959904e-05 -1.002232924466618636e-04 -2.216095059453937048e-06 -2.363878494048606197e-07 -2.531141449770619995e-07
-6.197994238149878851e-05 -3.708117214836593534e-05 -1.317655657367914561e-06 1.362036764991333374e-07 1.328430255219959904e-05 2.874403621478642187e-03 -9.635455847705566568e-03 -4.044584010524618931e-05 -9.062329208795741401e-06 -6.750038802851872576e-06
4.510483137721340977e-04 2.512383585277112451e-04 8.885012866084048046e-06 6.010293940821380038e-07 -1.002232924466618636e-04 -9.635455847705566568e-03 4.108784078133474044e-02 3.046002423767073318e-04 5.140773187722338743e-05 3.515154380665776803e-05
5.390891924526607429e-05 3.959877280515598001e-06 1.759465371714296169e-07 3.788033849370130692e-08 -2.216095059453937048e-06 -4.044584010524618931e-05 3.046002423767073318e-04 3.084748161922982649e-05 -1.272867207188215454e-06 5.078064710980999702e-07
7.030789256562225611e-07 4.249405959922100016e-06 2.184223278794915248e-08 -4.368452108579622358e-09 -2.363878494048606197e-07 -9.062329208795741401e-06 5.140773187722338743e-05 -1.272867207188215454e-06 4.461999256008045608e-06 -1.004013843250102114e-06
7.922626611230573631e-07 -7.973199478077771937e-09 3.653111083925067324e-08 -5.367873272779414831e-08 -2.531141449770619995e-07 -6.750038802851872576e-06 3.515154380665776803e-05 5.078064710980999702e-07 -1.004013843250102114e-06 6.852097939604478546e-06
