# logA ns theta_MC_100 ombh2 omch2 w wa tau A_act P_act
1.146498212810876315e-04 3.399612435338739836e-06 2.216765648423643270e-07 6.289672168557362233e-08 -7.058070006282271466e-07 7.173494413790778646e-04 1.649439602242316503e-03 5.613105925339835939e-05 2.024426359270208649e-06 1.461962349938210268e-07
3.399612435338739836e-06 1.875455056429944627e-05 3.343868572121322011e-07 3.128697008002711488e-08 -3.943555556252028681e-06 -8.763049503953045875e-05 -6.966486836904496474e-04 5.163010305955859696e-06 4.200153299684091902e-06 1.966165968010957134e-07
2.216765648423643270e-07 3.343868572121322011e-07 8.829152067958715961e-08 3.522986729861078493e-09 -1.222111575817015925e-07 -9.713531821340463585e-06 -1.683292502496279392e-05 2.084134917198022020e-07 1.882029698704684906e-08 5.615998805336748035e-08
6.289672168557362233e-08 3.128697008002711488e-08 3.522986729861078493e-09 1.490671107149167477e-08 -2.991731932889481510e-08 -2.674824408225011994e-06 -1.080783195429878893e-05 7.293587648212413803e-08 -1.216380481956357215e-08 -5.181469452111081521e-08
-7.058070006282271466e-07 -3.943555556252028681e-06 -1.222111575817015925e-07 -2.991731932889481510e-08 2.069205378836399137e-06 1.051439242793127468e-04 4.081993705973071683e-04 -2.779274779892300402e-06 1.519983983187167168e-08 -4.790013818710697517e-07
7.173494413790778646e-04 -8.763049503953045875e-05 -9.713531821340463585e-06 -2.674824408225011994e-06 1.051439242793127468e-04 3.870921050668346686e-01 -6.342975919181157440e-01 1.778029554062155837e-04 8.078724349312392235e-05 -3.547871533470087869e-05
1.649439602242316286e-03 -6.966486836904498643e-04 -1.683292502496279392e-05 -1.080783195429878893e-05 4.081993705973071683e-04 -6.342975919181157440e-01 1.818759620713824354e+00 2.274082290036603428e-04 1.359137801077579171e-04 -3.852814178475493802e-05
5.613105925339835939e-05 5.163010305955859696e-06 2.084134917198022020e-07 7.293587648212413803e-08 -2.779274779892300402e-06 1.778029554062155837e-04 2.274082290036603428e-04 3.237169807366646385e-05 -9.898616500757360224e-07 4.694615220116162480e-07
2.024426359270208649e-06 4.200153299684091902e-06 1.882029698704684906e-08 -1.216380481956357215e-08 1.519983983187167168e-08 8.078724349312393590e-05 1.359137801077579171e-04 -9.898616500757360224e-07 4.663275733149547748e-06 -1.055143034276323010e-06
1.461962349938210268e-07 1.966165968010957134e-07 5.615998805336748035e-08 -5.181469452111081521e-08 -4.790013818710697517e-07 -3.547871533470086514e-05 -3.852814178475493125e-05 4.694615220116162480e-07 -1.055143034276323010e-06 6.881404509898951020e-06
