# logA ns theta_MC_100 ombh2 omch2 w wa tau A_planck calib_100T calib_217T A_cib_217 xi_sz_cib A_sz ksz_norm gal545_A_100 gal545_A_143 gal545_A_143_217 gal545_A_217 ps_A_100_100 ps_A_143_143 ps_A_143_217 ps_A_217_217 galf_TE_A_100 galf_TE_A_100_143 galf_TE_A_100_217 galf_TE_A_143 galf_TE_A_143_217 galf_TE_A_217
1.702531345228818318e-04 1.165078569334182353e-05 6.025382519308404013e-07 4.118204854334617556e-07 -4.309530213210194828e-06 -4.508939507938031807e-04 1.702466308537862712e-03 8.779457287459798592e-05 1.697827721294882604e-06 -1.155442250866032834e-07 -2.389640488404653089e-08 -1.951898799477565184e-03 5.020446982867293083e-05 4.965253768122520218e-04 -1.834684089719111535e-03 -4.327333725983489626e-04 -4.417872142811605412e-04 -7.341672262097294214e-04 4.327203352346803921e-04 -7.486694909509533993e-03 -4.949790278972348613e-03 1.533755319950666799e-04 1.951289379155519629e-03 2.262769540747310704e-06 1.112452633475152827e-05 -1.313006720807207099e-05 9.415443587234505649e-06 -2.846931239791370744e-06 -7.215421367795309907e-05
1.165078569334182353e-05 1.341449797666131115e-05 2.101883471982209999e-07 1.467328702519741429e-07 -1.877097002201421812e-06 -1.370530639147507881e-04 5.495609893857584779e-04 7.512950958045068167e-06 1.218800084756325852e-06 -8.915219419318991686e-08 -3.252660280224303239e-08 -3.903751657792601647e-03 1.067430176386198850e-04 1.042346809598331718e-03 -2.253715874903511069e-03 2.196387773675231359e-04 -4.432958253107611014e-04 -2.770508784338368861e-04 1.477457319476947447e-03 -2.271751001950818305e-02 -5.735618144199963221e-03 2.515793253173578131e-03 4.860705971026051120e-03 -9.867015825298964358e-07 9.341230427864238485e-07 -7.985504561131984627e-06 6.365647115843111402e-07 -8.240304317334999624e-07 -2.998772935170118521e-05
6.025382519308404013e-07 2.101883471982209999e-07 8.072307603200499302e-08 9.682174062985917043e-09 -3.613134338848660675e-08 -8.647343269359611577e-06 3.135603688704444701e-05 2.561071757837161272e-07 4.692311096617739374e-08 -9.982168313619173459e-10 1.209544697855868382e-10 -1.828627173772304597e-05 8.286628916375841344e-08 -2.170890174329004089e-07 -7.286548860098721084e-06 2.813709819955442146e-06 -6.561643879542428492e-06 -1.777950762106685990e-06 2.855039171219033917e-05 -1.121668321974435755e-04 7.997592291635374212e-06 4.945360299629319427e-06 2.126691947962459667e-05 -2.859920980152256512e-07 -1.701225002667334612e-07 7.806189396161331429e-08 -1.167520599014470860e-07 -1.135815075729195223e-07 -1.543665606864822016e-06
4.118204854334617556e-07 1.467328702519741429e-07 9.682174062985917043e-09 1.801128304665340262e-08 -5.112243181856615631e-08 -5.122454615830372536e-06 1.944254524076429602e-05 1.955278836901461414e-07 3.179215369954235282e-08 3.048644400032698539e-09 -1.883794552746364919e-09 -7.791274796557472594e-05 1.678689634679709848e-06 1.782668069254155960e-05 -3.097118919160487925e-05 3.247341837034244119e-06 -8.452964651145580393e-06 -1.445048760904147943e-05 1.381478453505949451e-05 -3.670062715581432844e-04 -1.864300735896946024e-04 -3.886194990380057574e-05 3.112262393658076431e-05 2.169429599462862060e-08 -3.762767751944848456e-08 -8.857228096475447684e-08 -2.408455641530160170e-07 -2.438162104100244416e-07 -1.640217766745516315e-06
-4.309530213210194828e-06 -1.877097002201421812e-06 -3.613134338848660675e-08 -5.112243181856615631e-08 7.850614062809088237e-07 6.535527887316514766e-05 -2.482509165216269199e-04 -2.480499305962482827e-06 -5.771836082017954315e-07 4.114752241799466213e-10 1.175010914863602778e-09 1.578176637587973123e-04 -6.773425995232402741e-06 -4.860185937063009538e-05 8.755589269803020023e-05 9.661431701556898811e-06 3.637956311828345369e-05 6.364542301691667955e-05 -5.434480571433761498e-05 6.375015520254055917e-04 4.653439157279548968e-04 4.649196511948918179e-05 -1.766244246982894841e-04 -4.944586677471149064e-07 -6.528295633584752550e-07 3.200098643045432329e-07 1.121663410283002504e-07 7.828198983546037972e-07 1.040816898386814902e-05
-4.508939507938031807e-04 -1.370530639147508152e-04 -8.647343269359611577e-06 -5.122454615830372536e-06 6.535527887316514766e-05 4.365841194058576319e-02 -1.208337582945948063e-01 -2.234375943365077928e-04 -7.019674396689265202e-05 -4.330207274322992383e-07 6.911346475305659180e-07 -3.185341111617295655e-03 8.177870142263586389e-04 -8.754994894361809972e-04 -2.919314170430270593e-04 3.850347451118630790e-03 2.615907248428464213e-03 1.136033732532256216e-02 7.992519788621596857e-03 -4.935542978675146880e-02 3.851856935020478434e-02 3.958221215468803872e-02 -2.544531580037196709e-03 2.545074406821555156e-05 3.398842839815087056e-05 1.317481901259067172e-04 9.646702268629274153e-05 -9.813586763332589748e-05 4.973557861102854798e-04
1.702466308537862712e-03 5.495609893857584779e-04 3.135603688704444701e-05 1.944254524076429602e-05 -2.482509165216269199e-04 -1.208337582945948063e-01 3.496379479719094463e-01 8.593300086597562351e-04 2.539516112427137604e-04 1.985884881028935932e-06 -2.596675933572297704e-06 -9.951355173324108808e-03 -1.621401618820998095e-03 8.674615431113358657e-03 -1.012878016295728351e-02 -1.147513156192940705e-02 -1.035441742996178437e-02 -3.651542678844093420e-02 -1.121638812735241582e-02 6.891972301146644109e-02 -1.513081855602147474e-01 -1.076927318202397371e-01 2.926773992624114029e-02 -3.284247938285689175e-05 -3.693103195622540860e-05 -4.293607477208740905e-04 -2.178228798396368592e-04 2.718658925846175324e-04 -2.311282182937216163e-03
8.779457287459798592e-05 7.512950958045068167e-06 2.561071757837161272e-07 1.955278836901461414e-07 -2.480499305962482827e-06 -2.234375943365077928e-04 8.593300086597561267e-04 5.020393899358351763e-05 -3.139573124855469288e-06 -9.636885840293198014e-08 -1.079815330654264565e-08 -1.087605112243145069e-03 2.393536373446359674e-05 3.456129159697948826e-04 -8.535494656501428981e-04 -1.121119405405524889e-04 -3.820209037178480782e-05 -1.858904604750622662e-04 -1.823118867301282045e-04 -6.053182757887644837e-03 -3.440031178244752370e-03 -5.459340351832610164e-04 -7.038072622236716831e-04 8.475971698471870481e-07 5.015912228425683616e-06 -3.383998401676801921e-06 4.100118198886240492e-06 -3.640973385062566799e-07 -3.426653602642656038e-05
1.697827721294882604e-06 1.218800084756325852e-06 4.692311096617739374e-08 3.179215369954235282e-08 -5.771836082017954315e-07 -7.019674396689265202e-05 2.539516112427137604e-04 -3.139573124855469288e-06 4.801619976814499627e-06 -2.827063992371954454e-08 5.384662738635406864e-09 7.486973032585734090e-04 -9.873520347336977454e-06 -3.716857393324936944e-05 1.574015589316118697e-04 1.177088352097419522e-05 3.953360661539158117e-05 4.671631484638394915e-06 5.330125344187079889e-04 3.840319581577904349e-03 5.165222114108773558e-04 -1.268851952395594937e-04 4.416856932018572816e-04 1.025775535389221665e-06 1.800976408072565065e-06 -3.810813144440950356e-06 1.201305076501368788e-06 -1.784743204773812727e-06 -1.528495163952138414e-05
-1.155442250866032834e-07 -8.915219419318991686e-08 -9.982168313619173459e-10 3.048644400032698539e-09 4.114752241799466213e-10 -4.330207274322987618e-07 1.985884881028935085e-06 -9.636885840293198014e-08 -2.827063992371954454e-08 3.763361664465578964e-07 -5.913044975784350666e-10 -1.937372945902303889e-04 3.913321357418564452e-06 1.054216691769757326e-04 -6.839090938952698017e-05 1.801553488735277355e-04 -1.664445978176049023e-04 -3.123725583392893774e-05 3.490314938741802530e-05 3.792453248365853374e-03 6.125297351377237832e-05 4.026295791118502136e-04 4.371497346025507305e-04 1.095327269208948067e-07 4.428124018010093793e-08 -3.539204818650492122e-07 1.068035801599209121e-07 -1.223263961040726752e-07 -2.361181171781472952e-06
-2.389640488404653089e-08 -3.252660280224303239e-08 1.209544697855868382e-10 -1.883794552746364919e-09 1.175010914863602778e-09 6.911346475305659180e-07 -2.596675933572294740e-06 -1.079815330654264565e-08 5.384662738635406864e-09 -5.913044975784350666e-10 3.833323056878147635e-07 6.718384787703014132e-04 6.989897490710661474e-07 -4.208131251123870144e-05 1.310856225090341677e-05 -9.478072270348647586e-06 -4.818766137708405134e-05 4.088537098614978540e-04 9.427067734625424640e-04 3.553704279859376319e-04 1.055714220754594586e-04 -3.675067696507382437e-04 -1.339024944868048893e-03 3.779204120074062948e-08 5.672186787508063401e-08 4.723165513145521097e-07 -1.290049386062263999e-07 2.195459116034158367e-07 1.068808285682471094e-06
-1.951898799477565618e-03 -3.903751657792601647e-03 -1.828627173772303920e-05 -7.791274796557472594e-05 1.578176637587973123e-04 -3.185341111617294788e-03 -9.951355173324108808e-03 -1.087605112243145069e-03 7.486973032585734090e-04 -1.937372945902303889e-04 6.718384787703014132e-04 4.461185017824601573e+01 -4.120244592665273653e-01 -7.566199822247621221e-01 -3.771279783810450592e-01 2.456389237692290228e-01 6.040959868428518176e-01 -5.765000622805419361e+00 -3.342902786215692146e+01 3.279814898519278188e+01 1.139988231376226846e+00 -1.384899237776893699e+01 -5.512871723323713979e+01 3.817483226687985211e-03 5.407047348255582253e-03 -2.701420574723859165e-03 5.061996289789683599e-03 -2.419715006846471974e-03 1.291808740930855230e-02
5.020446982867293083e-05 1.067430176386198850e-04 8.286628916375826785e-08 1.678689634679710060e-06 -6.773425995232401894e-06 8.177870142263586389e-04 -1.621401618820997662e-03 2.393536373446358996e-05 -9.873520347336975760e-06 3.913321357418564452e-06 6.989897490710658297e-07 -4.120244592665274208e-01 8.168120825894152615e-02 -3.840310219979972683e-02 3.712237108737467123e-02 -1.105600105600260466e-02 1.373272427572205107e-02 1.327100225363966601e-01 1.920060926391194966e-01 -4.941333483468861587e-01 9.459307439692478114e-01 1.721284292986198894e+00 6.596973624921583790e-01 -3.087040828551771776e-04 -1.826428249982785994e-04 -5.496306741651327846e-05 4.911329557331183378e-05 1.148870969571480391e-04 6.243312062885850600e-04
4.965253768122519134e-04 1.042346809598331502e-03 -2.170890174328982119e-07 1.782668069254155960e-05 -4.860185937063008860e-05 -8.754994894361787204e-04 8.674615431113360392e-03 3.456129159697948826e-04 -3.716857393324935588e-05 1.054216691769757191e-04 -4.208131251123870144e-05 -7.566199822247621221e-01 -3.840310219979972683e-02 3.898394769845225483e+00 -2.732291042044164620e+00 -1.937956345737875674e-01 1.405784242586709809e-01 2.601852805830140891e+00 3.213934639460297227e+00 -3.127770334111450978e+01 -3.578972419091987156e+00 7.623484598320508177e+00 5.157209729565348511e+00 -8.101301553125117095e-04 -4.440011335894250241e-04 -1.278722987550843767e-03 4.833632708982051268e-04 6.404783222899525274e-04 -1.579314442072663697e-03
-1.834684089719111535e-03 -2.253715874903511069e-03 -7.286548860098721931e-06 -3.097118919160487925e-05 8.755589269803020023e-05 -2.919314170430270593e-04 -1.012878016295728177e-02 -8.535494656501428981e-04 1.574015589316118697e-04 -6.839090938952698017e-05 1.310856225090341677e-05 -3.771279783810452257e-01 3.712237108737467123e-02 -2.732291042044165064e+00 5.748680395128392462e+00 6.142433217535132883e-02 -1.564576232963292846e-01 -1.998432552889471303e+00 -2.113198486668782294e+00 1.428070004014865546e+01 -4.683693349711663956e+00 -1.178619083964158598e+01 -8.783020624524572995e+00 1.382199811319838973e-04 -5.801236968343639628e-04 2.546342067790516740e-03 -2.333403002134384636e-03 8.420096306148707691e-04 3.677201595616619127e-03
-4.327333725983489626e-04 2.196387773675231359e-04 2.813709819955441299e-06 3.247341837034243696e-06 9.661431701556900506e-06 3.850347451118631224e-03 -1.147513156192940358e-02 -1.121119405405524754e-04 1.177088352097419014e-05 1.801553488735277355e-04 -9.478072270348649280e-06 2.456389237692289673e-01 -1.105600105600260466e-02 -1.937956345737875397e-01 6.142433217535132883e-02 3.352689327373098660e+00 5.494983304026491711e-01 1.165945034845879136e-01 8.992999320943134700e-03 -6.605772806900620964e+00 -4.339640686571886730e-01 -8.330162318424403356e-01 -6.803377224777307219e-01 1.390121170293832714e-04 2.933849937500181419e-04 -9.301918877381272835e-04 -2.321058628334807337e-03 -1.528638897747894168e-03 -1.078226713050441966e-02
-4.417872142811605412e-04 -4.432958253107611014e-04 -6.561643879542428492e-06 -8.452964651145580393e-06 3.637956311828345369e-05 2.615907248428462478e-03 -1.035441742996178437e-02 -3.820209037178482815e-05 3.953360661539159472e-05 -1.664445978176049023e-04 -4.818766137708405134e-05 6.040959868428518176e-01 1.373272427572205280e-02 1.405784242586709809e-01 -1.564576232963293123e-01 5.494983304026491711e-01 3.168198437074964513e+00 2.667836125554098547e+00 2.590934501808810797e+00 5.776825707512678321e+00 -1.335798245224420366e+00 -7.032347802786954594e-01 -1.306559112581632265e+00 1.149453618751249497e-04 -3.521552474179106954e-05 1.169676011183233078e-03 -7.777371653234755287e-04 3.465144959679913091e-04 -4.373262331965154306e-03
-7.341672262097294214e-04 -2.770508784338368861e-04 -1.777950762106685355e-06 -1.445048760904148113e-05 6.364542301691667955e-05 1.136033732532256042e-02 -3.651542678844093420e-02 -1.858904604750622662e-04 4.671631484638377128e-06 -3.123725583392894452e-05 4.088537098614979082e-04 -5.765000622805419361e+00 1.327100225363966879e-01 2.601852805830140891e+00 -1.998432552889470859e+00 1.165945034845879275e-01 2.667836125554098547e+00 1.077751852347686601e+01 1.921677104771786659e+01 -1.211201068393068248e+01 3.417171375782432019e+00 5.138344994789076026e+00 5.202492084951352957e+00 7.485303216182345037e-04 -5.458352126545871303e-04 1.404816709514334142e-03 -3.666125879748464728e-03 -1.293647364009004996e-03 5.985746808798554728e-04
4.327203352346803379e-04 1.477457319476947447e-03 2.855039171219033917e-05 1.381478453505949451e-05 -5.434480571433761498e-05 7.992519788621598592e-03 -1.121638812735241929e-02 -1.823118867301280960e-04 5.330125344187080973e-04 3.490314938741801852e-05 9.427067734625424640e-04 -3.342902786215692146e+01 1.920060926391194689e-01 3.213934639460297227e+00 -2.113198486668782294e+00 8.992999320943153782e-03 2.590934501808810797e+00 1.921677104771786659e+01 5.353183346333145209e+01 -2.356047189326460867e+01 4.422296048495281795e+00 8.957639625131660566e+00 3.320137534542768520e+01 -1.245015239488224531e-03 -2.918222942615614299e-03 3.944345452603225007e-03 -8.349390984171908836e-03 -4.522693220480655807e-03 -1.711887806233066550e-02
-7.486694909509533993e-03 -2.271751001950818305e-02 -1.121668321974435620e-04 -3.670062715581432844e-04 6.375015520254055917e-04 -4.935542978675148268e-02 6.891972301146644109e-02 -6.053182757887644837e-03 3.840319581577904349e-03 3.792453248365853374e-03 3.553704279859377403e-04 3.279814898519278188e+01 -4.941333483468861587e-01 -3.127770334111450978e+01 1.428070004014865546e+01 -6.605772806900620964e+00 5.776825707512678321e+00 -1.211201068393068248e+01 -2.356047189326460867e+01 7.922647043431592238e+02 7.264450155624506067e+01 -5.379638296954684762e+01 -5.529988244321451418e+01 2.140742820852852696e-02 8.353607618584309516e-03 9.515616139548536967e-03 1.947687376976864034e-03 -3.413579393044799404e-02 -5.078966971383622186e-02
-4.949790278972348613e-03 -5.735618144199963221e-03 7.997592291635370823e-06 -1.864300735896946024e-04 4.653439157279548968e-04 3.851856935020477740e-02 -1.513081855602147474e-01 -3.440031178244752370e-03 5.165222114108773558e-04 6.125297351377237832e-05 1.055714220754594586e-04 1.139988231376226846e+00 9.459307439692477004e-01 -3.578972419091986268e+00 -4.683693349711664844e+00 -4.339640686571887285e-01 -1.335798245224420366e+00 3.417171375782431131e+00 4.422296048495281795e+00 7.264450155624506067e+01 6.225482094203005801e+01 4.024224137560002390e+01 1.532489388420752796e+01 1.354248419440222525e-03 2.099573700624949527e-03 2.598693813761128370e-03 3.829247231242394189e-03 -4.301928317860906001e-03 1.404470201252585454e-02
1.533755319950664631e-04 2.515793253173578565e-03 4.945360299629321121e-06 -3.886194990380057574e-05 4.649196511948918857e-05 3.958221215468803872e-02 -1.076927318202397094e-01 -5.459340351832610164e-04 -1.268851952395595208e-04 4.026295791118502136e-04 -3.675067696507382437e-04 -1.384899237776893699e+01 1.721284292986198894e+00 7.623484598320508177e+00 -1.178619083964158598e+01 -8.330162318424403356e-01 -7.032347802786954594e-01 5.138344994789076026e+00 8.957639625131662342e+00 -5.379638296954684762e+01 4.024224137560002390e+01 8.561636182214779467e+01 5.340017770708470835e+01 -9.328350319477986610e-03 -4.488188061960521509e-03 -2.818164495514046200e-03 9.880383118685555702e-03 7.738228517783603093e-03 1.017525214239463696e-02
1.951289379155519846e-03 4.860705971026051120e-03 2.126691947962460006e-05 3.112262393658075753e-05 -1.766244246982894841e-04 -2.544531580037198877e-03 2.926773992624114029e-02 -7.038072622236716831e-04 4.416856932018572816e-04 4.371497346025507305e-04 -1.339024944868048893e-03 -5.512871723323713979e+01 6.596973624921583790e-01 5.157209729565348511e+00 -8.783020624524572995e+00 -6.803377224777307219e-01 -1.306559112581632265e+00 5.202492084951352957e+00 3.320137534542768520e+01 -5.529988244321451418e+01 1.532489388420752796e+01 5.340017770708470835e+01 1.030918838509747673e+02 -5.443460724637716810e-03 -6.010299515485781861e-03 1.784295495418429132e-03 4.138460995267451842e-03 7.462482850849419015e-03 -1.186123031694764213e-02
2.262769540747310280e-06 -9.867015825298964358e-07 -2.859920980152256512e-07 2.169429599462859413e-08 -4.944586677471149064e-07 2.545074406821555495e-05 -3.284247938285689175e-05 8.475971698471875775e-07 1.025775535389221665e-06 1.095327269208947803e-07 3.779204120074059640e-08 3.817483226687985211e-03 -3.087040828551770692e-04 -8.101301553125117095e-04 1.382199811319839516e-04 1.390121170293832443e-04 1.149453618751247871e-04 7.485303216182349374e-04 -1.245015239488225182e-03 2.140742820852853390e-02 1.354248419440223826e-03 -9.328350319477986610e-03 -5.443460724637715076e-03 1.465151845962846906e-03 2.708439562492195060e-04 1.407893818962518691e-04 -3.878267481168905088e-04 -1.149155417871228490e-04 -1.031263947688546474e-06
1.112452633475152319e-05 9.341230427864241661e-07 -1.701225002667334612e-07 -3.762767751944848456e-08 -6.528295633584752550e-07 3.398842839815086379e-05 -3.693103195622551702e-05 5.015912228425683616e-06 1.800976408072565065e-06 4.428124018010095117e-08 5.672186787508065386e-08 5.407047348255582253e-03 -1.826428249982786536e-04 -4.440011335894249699e-04 -5.801236968343639628e-04 2.933849937500183046e-04 -3.521552474179092047e-05 -5.458352126545870219e-04 -2.918222942615614299e-03 8.353607618584307781e-03 2.099573700624949961e-03 -4.488188061960521509e-03 -6.010299515485780994e-03 2.708439562492195060e-04 8.748549482733304064e-04 -5.362011777925612534e-06 7.364415992686940268e-04 6.610783988110767754e-05 -6.699156353151846689e-04
-1.313006720807207099e-05 -7.985504561131986321e-06 7.806189396161336723e-08 -8.857228096475446361e-08 3.200098643045432329e-07 1.317481901259067985e-04 -4.293607477208737110e-04 -3.383998401676801921e-06 -3.810813144440950356e-06 -3.539204818650492122e-07 4.723165513145522685e-07 -2.701420574723859165e-03 -5.496306741651335977e-05 -1.278722987550843767e-03 2.546342067790516740e-03 -9.301918877381277172e-04 1.169676011183233512e-03 1.404816709514334792e-03 3.944345452603223272e-03 9.515616139548531763e-03 2.598693813761127937e-03 -2.818164495514047067e-03 1.784295495418429566e-03 1.407893818962518691e-04 -5.362011777925605758e-06 7.165206686520655781e-03 -3.517308695290929021e-04 7.589108046777926159e-04 4.683575423270261440e-03
9.415443587234503955e-06 6.365647115843114578e-07 -1.167520599014471522e-07 -2.408455641530160170e-07 1.121663410283002504e-07 9.646702268629268732e-05 -2.178228798396369134e-04 4.100118198886240492e-06 1.201305076501368999e-06 1.068035801599208724e-07 -1.290049386062263999e-07 5.061996289789683599e-03 4.911329557331181345e-05 4.833632708982053979e-04 -2.333403002134384636e-03 -2.321058628334807337e-03 -7.777371653234756372e-04 -3.666125879748464728e-03 -8.349390984171908836e-03 1.947687376976862950e-03 3.829247231242394189e-03 9.880383118685557436e-03 4.138460995267451842e-03 -3.878267481168905088e-04 7.364415992686940268e-04 -3.517308695290929021e-04 2.889996655985843481e-03 4.933582618420816017e-04 -9.936364345943494384e-04
-2.846931239791372438e-06 -8.240304317334999624e-07 -1.135815075729195753e-07 -2.438162104100244416e-07 7.828198983546039031e-07 -9.813586763332596524e-05 2.718658925846173698e-04 -3.640973385062544564e-07 -1.784743204773812727e-06 -1.223263961040727017e-07 2.195459116034157573e-07 -2.419715006846472841e-03 1.148870969571481204e-04 6.404783222899519853e-04 8.420096306148707691e-04 -1.528638897747893952e-03 3.465144959679917428e-04 -1.293647364009004996e-03 -4.522693220480655807e-03 -3.413579393044798710e-02 -4.301928317860906868e-03 7.738228517783603093e-03 7.462482850849417280e-03 -1.149155417871228490e-04 6.610783988110769110e-05 7.589108046777926159e-04 4.933582618420816017e-04 6.460540164796825351e-03 7.880918361372507217e-03
-7.215421367795309907e-05 -2.998772935170118521e-05 -1.543665606864822016e-06 -1.640217766745516315e-06 1.040816898386814902e-05 4.973557861102855882e-04 -2.311282182937216163e-03 -3.426653602642656715e-05 -1.528495163952138414e-05 -2.361181171781472528e-06 1.068808285682471094e-06 1.291808740930854883e-02 6.243312062885850600e-04 -1.579314442072664347e-03 3.677201595616619127e-03 -1.078226713050441966e-02 -4.373262331965154306e-03 5.985746808798553644e-04 -1.711887806233066550e-02 -5.078966971383618717e-02 1.404470201252585801e-02 1.017525214239463696e-02 -1.186123031694764213e-02 -1.031263947688564262e-06 -6.699156353151846689e-04 4.683575423270261440e-03 -9.936364345943492216e-04 7.880918361372507217e-03 7.222506043684485955e-02
