# logA ns theta_MC_100 ombh2 omch2 w wa tau A_act P_act
1.278160142436797736e-04 3.771006099349542334e-08 -1.321518922790754753e-07 1.455323215038414605e-08 2.549780097957976727e-06 -1.181832852115147415e-04 5.745753834754132282e-04 5.669487106975364322e-05 4.523018453968495419e-06 -1.248713284676691780e-06
3.771006099349542334e-08 1.895847790306905758e-05 3.418914948375647263e-07 4.498237795493672235e-08 -4.478981835156196351e-06 7.099371404579702088e-05 -1.399746324833869111e-04 4.645599614426921246e-06 3.579402294526121009e-06 5.390405807950379102e-07
-1.321518922790754753e-07 3.418914948375647263e-07 8.684147143497409421e-08 3.320267759641254355e-09 -1.633867467975597224e-07 2.793714611283741841e-06 -5.614621895450137777e-06 1.239617021482224670e-07 -2.785148474265733994e-08 1.033283538639248560e-07
1.455323215038414605e-08 4.498237795493672235e-08 3.320267759641254355e-09 1.411679665801699858e-08 -4.387241411743745570e-08 9.230372634176065757e-07 -2.727471818206469980e-06 7.393096998524291169e-08 -2.304700778725245227e-08 -4.227430560468877407e-08
2.549780097957976727e-06 -4.478981835156196351e-06 -1.633867467975597224e-07 -4.387241411743745570e-08 2.879272271331432563e-06 -4.401970752440221137e-05 9.583249018475651412e-05 -2.656482940295573681e-06 7.010813826681551123e-07 -8.357736499010858526e-07
-1.181832852115147415e-04 7.099371404579702088e-05 2.793714611283741841e-06 9.230372634176065757e-07 -4.401970752440221137e-05 1.123252688050862223e-02 -5.253091568523915456e-02 4.327883536900861985e-06 -1.122140813801283882e-05 9.014485939669934208e-06
5.745753834754132282e-04 -1.399746324833868840e-04 -5.614621895450137777e-06 -2.727471818206469556e-06 9.583249018475651412e-05 -5.253091568523915456e-02 2.697079183248726753e-01 1.340461800184039078e-04 4.281752858564453389e-05 -1.430671940864182805e-05
5.669487106975364322e-05 4.645599614426921246e-06 1.239617021482224670e-07 7.393096998524291169e-08 -2.656482940295573681e-06 4.327883536900861985e-06 1.340461800184038535e-04 3.229804331930001896e-05 -8.069000143362825657e-07 3.337673872979815333e-07
4.523018453968495419e-06 3.579402294526121009e-06 -2.785148474265733994e-08 -2.304700778725245227e-08 7.010813826681551123e-07 -1.122140813801284051e-05 4.281752858564454067e-05 -8.069000143362825657e-07 4.977816244833272965e-06 -1.210358592860404654e-06
-1.248713284676691780e-06 5.390405807950379102e-07 1.033283538639248560e-07 -4.227430560468877407e-08 -8.357736499010858526e-07 9.014485939669934208e-06 -1.430671940864183144e-05 3.337673872979816392e-07 -1.210358592860404654e-06 7.047600769463701213e-06
