# logA ns theta_MC_100 ombh2 omch2 w wa tau A_act P_act
1.034860214196543310e-04 5.974109843879495833e-06 3.226994169730802347e-07 6.000242839321593557e-08 -2.585939988431120172e-06 -6.557439291016171478e-05 4.496269187323082830e-04 5.355343009311601578e-05 8.549756618407823537e-07 4.911301590533003677e-07
5.974109843879495833e-06 1.400734740826956966e-05 1.543159462863393616e-07 -5.346416880395022985e-09 -1.711480698258118376e-06 -3.528938643574927906e-05 2.383542878474979279e-04 3.825829531718264821e-06 4.074093048495749611e-06 -7.229974915597284042e-08
3.226994169730802347e-07 1.543159462863393616e-07 7.657326423401540223e-08 2.943549408864200258e-09 -1.710433228290121775e-08 -1.500055435406518492e-06 9.687484027203650198e-06 1.347360604153372080e-07 2.432306355882428839e-08 3.154711648792932747e-08
6.000242839321593557e-08 -5.346416880395022985e-09 2.943549408864200258e-09 1.364209566947271725e-08 -5.535834948043531970e-09 8.364816834191348785e-08 7.853306814058527006e-07 3.328333407018813604e-08 -2.646848484159793762e-09 -5.402944359060561323e-08
-2.585939988431120172e-06 -1.711480698258118376e-06 -1.710433228290121775e-08 -5.535834948043531970e-09 7.823383119735485052e-07 1.300706884727004905e-05 -9.591173375265193740e-05 -2.065080535525564192e-06 -2.155265252856816268e-07 -2.330592329017941208e-07
-6.557439291016171478e-05 -3.528938643574927906e-05 -1.500055435406518492e-06 8.364816834191348785e-08 1.300706884727004905e-05 2.909264251683442697e-03 -9.793360516782428568e-03 -4.275299882191558448e-05 -6.977138610197612529e-06 -6.518193490430492224e-06
4.496269187323082830e-04 2.383542878474979279e-04 9.687484027203650198e-06 7.853306814058527006e-07 -9.591173375265193740e-05 -9.793360516782428568e-03 4.138982262175354421e-02 3.058248873628573519e-04 4.077993318139095633e-05 3.524902485941527446e-05
5.355343009311601578e-05 3.825829531718264821e-06 1.347360604153371816e-07 3.328333407018813604e-08 -2.065080535525564192e-06 -4.275299882191558448e-05 3.058248873628573519e-04 3.037884983554377062e-05 -1.142355748462307460e-06 3.753136971486875359e-07
8.549756618407823537e-07 4.074093048495749611e-06 2.432306355882428839e-08 -2.646848484159793762e-09 -2.155265252856816268e-07 -6.977138610197612529e-06 4.077993318139094955e-05 -1.142355748462307460e-06 4.370447254509691284e-06 -1.021813897679920352e-06
4.911301590533003677e-07 -7.229974915597284042e-08 3.154711648792932747e-08 -5.402944359060561323e-08 -2.330592329017941208e-07 -6.518193490430492224e-06 3.524902485941527446e-05 3.753136971486875359e-07 -1.021813897679920352e-06 6.907494047328030917e-06
