# logA ns theta_MC_100 ombh2 omch2 w wa tau A_act P_act
1.321303000000000017e-03 8.191014000000000313e-05 3.527157000000000169e-06 2.852788999999999937e-06 -2.134637000000000074e-05 -5.573457000000000194e-04 4.286826999999999999e-03 6.762972000000000341e-04 0.000000000000000000e+00 0.000000000000000000e+00
8.191014000000000313e-05 3.301692000000000033e-05 1.140936999999999915e-06 6.466881999999999581e-07 -9.125331999999999725e-06 -4.431179999999999814e-05 1.089687999999999898e-03 5.262469999999999778e-05 0.000000000000000000e+00 0.000000000000000000e+00
3.527157000000000169e-06 1.140936999999999915e-06 2.081397000000000066e-07 4.056677999999999792e-08 -3.710326000000000159e-07 -1.941955000000000027e-06 5.710881999999999916e-05 2.103023000000000024e-06 0.000000000000000000e+00 0.000000000000000000e+00
2.852788999999999937e-06 6.466881999999999581e-07 4.056677999999999792e-08 4.634388999999999929e-08 -2.112373000000000038e-07 1.455492000000000127e-07 2.477557999999999903e-05 1.601410999999999913e-06 0.000000000000000000e+00 0.000000000000000000e+00
-2.134637000000000074e-05 -9.125331999999999725e-06 -3.710326000000000159e-07 -2.112373000000000038e-07 3.938206999999999816e-06 2.676594000000000008e-05 -4.763018999999999738e-04 -1.536436999999999940e-05 0.000000000000000000e+00 0.000000000000000000e+00
-5.573457000000000194e-04 -4.431179999999999814e-05 -1.941955000000000027e-06 1.455492000000000127e-07 2.676594000000000008e-05 8.775765000000000648e-02 -2.385037999999999880e-01 -3.273061999999999868e-04 0.000000000000000000e+00 0.000000000000000000e+00
4.286826999999999999e-03 1.089687999999999898e-03 5.710881999999999916e-05 2.477557999999999903e-05 -4.763018999999999738e-04 -2.385037999999999880e-01 7.171269000000000116e-01 2.744013000000000008e-03 0.000000000000000000e+00 0.000000000000000000e+00
6.762972000000000341e-04 5.262469999999999778e-05 2.103023000000000024e-06 1.601410999999999913e-06 -1.536436999999999940e-05 -3.273061999999999868e-04 2.744013000000000008e-03 3.586279999999999958e-04 0.000000000000000000e+00 0.000000000000000000e+00
0.000000000000000000e+00 0.000000000000000000e+00 0.000000000000000000e+00 0.000000000000000000e+00 0.000000000000000000e+00 0.000000000000000000e+00 0.000000000000000000e+00 0.000000000000000000e+00 9.000000000000000228e-06 0.000000000000000000e+00
0.000000000000000000e+00 0.000000000000000000e+00 0.000000000000000000e+00 0.000000000000000000e+00 0.000000000000000000e+00 0.000000000000000000e+00 0.000000000000000000e+00 0.000000000000000000e+00 0.000000000000000000e+00 8.999999999999999754e-04
