# logA ns theta_MC_100 ombh2 omch2 w wa tau A_planck calib_100T calib_217T A_cib_217 xi_sz_cib A_sz ksz_norm gal545_A_100 gal545_A_143 gal545_A_143_217 gal545_A_217 ps_A_100_100 ps_A_143_143 ps_A_143_217 ps_A_217_217 galf_TE_A_100 galf_TE_A_100_143 galf_TE_A_100_217 galf_TE_A_143 galf_TE_A_143_217 galf_TE_A_217
1.843611813324360109e-04 1.015859089115518376e-05 6.176501390045832984e-07 4.121249465494375120e-07 -4.272772037197879690e-06 -9.624116640070707208e-05 7.102596835711883459e-04 9.645007443403658446e-05 2.847536450151464770e-07 -5.192151970483656549e-08 -2.113382718855808210e-07 -8.605699713378667411e-04 -1.374498197623140215e-05 4.887671786957677959e-04 -1.281662887159342118e-03 -5.630121650888774603e-04 -3.473686288853615098e-05 -8.751233684215143282e-05 6.101302073219651794e-05 -4.380950975874728891e-03 -3.590639834477070413e-03 -2.134266859110978652e-03 -1.901309214984112008e-03 -8.418094663488885119e-06 4.868034289559002778e-06 1.483854715583091175e-06 4.707020262898051451e-06 -1.673125680760189984e-05 -7.363413025599890556e-05
1.015859089115518376e-05 1.307944227875522805e-05 1.852270326643574065e-07 1.295090918762061494e-07 -1.684735007668221516e-06 -2.469309262408461974e-05 2.189514284165003800e-04 6.933709706384255279e-06 9.232518808269152290e-07 -6.214948960419949017e-08 -7.263433267818688224e-08 -4.145619046066006605e-03 8.313109205965552668e-05 8.791476662015647705e-04 -1.982830705087919570e-03 2.531785603584424892e-04 -3.823545704771775470e-04 -4.543654637246095245e-04 9.310464281924011763e-04 -2.160803664377925620e-02 -6.469694025785670266e-03 1.146480776713429319e-03 4.853235820050324535e-03 -6.056740948518049435e-07 -4.773064000904367493e-07 -4.058701242325269810e-06 2.217502416485912971e-06 -4.093500701594330583e-06 -1.469790129552950196e-05
6.176501390045832984e-07 1.852270326643574065e-07 8.089640103470341367e-08 1.016431515072631546e-08 -3.767675625240611922e-08 -1.620648558381808949e-06 1.224664059445093097e-05 2.557053363355192534e-07 5.268824309278343623e-08 3.154678264658465121e-09 -2.536336528510010834e-10 4.179673241326173035e-05 2.002295107423433903e-07 3.895106867765859040e-06 2.751777418084211796e-07 3.270567515045313803e-06 -5.247241856983504067e-06 -1.532508186300880659e-05 -3.997420246650315145e-05 -8.849110051997185295e-05 -1.211014643566285187e-05 1.239345768027360161e-05 -4.572873934946322379e-05 2.463035719565048737e-07 -1.476703271515526369e-09 4.759293661570796566e-08 -2.886940770253135190e-07 -2.265741311645357793e-07 -1.855601974788513115e-07
4.121249465494375120e-07 1.295090918762061494e-07 1.016431515072631546e-08 1.744868200981627226e-08 -4.574722626371761862e-08 -9.329366126742419650e-07 7.361359015914435199e-06 2.062856906110477009e-07 1.670542516630674948e-08 1.599762435348453613e-09 -2.324622062734294171e-09 -6.862099594215700926e-05 8.333540614670470273e-07 2.021566041450518911e-05 -3.037399561948968960e-05 -2.700119026553768516e-06 -8.044495733663897962e-06 -8.307623976624579679e-06 4.563423138858929608e-06 -3.719280954685479372e-04 -1.885857184317055494e-04 -6.057608662589165823e-05 1.736480785595947781e-05 2.742276957771509864e-08 -3.741117848100708175e-08 -1.008424857334073384e-07 -1.465033586228314788e-07 -4.560658903769985362e-07 -1.111179226707140029e-06
-4.272772037197879690e-06 -1.684735007668221516e-06 -3.767675625240611922e-08 -4.574722626371761862e-08 7.287790553937028775e-07 1.062432272782815008e-05 -9.037329474452560389e-05 -2.523427166136902893e-06 -4.717406728320838382e-07 -4.287712695865896371e-09 1.513971168263073344e-08 6.522797191739722127e-05 -3.170357580596054998e-06 -7.364651824936832548e-05 9.449256992152444573e-05 1.452435529232662802e-05 1.475889440781405371e-05 2.111316181520246863e-05 2.782529790920825506e-06 5.094047140080402774e-04 4.165730680701974797e-04 5.363555605979019724e-05 -9.734915047718017435e-05 4.912133125295583940e-07 2.461359517020518057e-08 8.133832073521266126e-07 -1.832022089408353231e-07 8.892075193813244452e-07 7.994029824003076224e-06
-9.624116640070707208e-05 -2.469309262408462313e-05 -1.620648558381809161e-06 -9.329366126742419650e-07 1.062432272782815008e-05 2.915348758565096485e-03 -9.752129780266485110e-03 -4.891094891855738937e-05 -1.138521433555998521e-05 3.287857236668386168e-07 -1.726121083301267555e-07 3.587032955371936491e-03 6.062599257498879727e-05 3.229358007110299210e-05 -7.432574079033407591e-04 2.342916519161072214e-03 1.172237550016276683e-03 5.899100753156320083e-04 -5.343535578115843343e-03 1.046597389232037899e-02 7.024658637728483333e-03 6.867493600024216632e-03 -7.073177684147383647e-04 -2.285260213377185662e-05 -3.091688481708387305e-05 9.183767190126369362e-05 -3.591266242805454611e-05 3.155849805469115627e-05 1.756755262305004602e-05
7.102596835711883459e-04 2.189514284165003800e-04 1.224664059445093097e-05 7.361359015914435199e-06 -9.037329474452560389e-05 -9.752129780266485110e-03 4.177722785205105482e-02 3.745285539131504846e-04 8.285391351945455441e-05 3.165035462867464414e-07 5.006683333078873018e-08 -1.088524519035053220e-02 -1.836464663675964337e-04 7.748634387693715576e-03 -1.002656754757515895e-02 -6.200596936173374991e-03 -5.074577999880201459e-03 -3.201730731585668201e-03 1.587093832788154940e-02 -8.145126528576132618e-02 -5.808512952573429561e-02 -2.481092495559911876e-02 1.088709236759310452e-02 7.354723962276620171e-05 1.194663002566219992e-04 -3.215664275830645131e-04 1.390386902089081947e-04 -2.545288302854023478e-04 -5.801388257493633174e-04
9.645007443403657091e-05 6.933709706384255279e-06 2.557053363355192534e-07 2.062856906110477009e-07 -2.523427166136902893e-06 -4.891094891855738937e-05 3.745285539131504846e-04 5.535798639165122553e-05 -3.839051332451293513e-06 -7.738201471339897668e-08 -1.167596707653953976e-07 -8.800222098032340831e-04 -1.449202383955209701e-05 4.352621408613584469e-04 -6.065718369352268279e-04 -1.807845576853127204e-04 1.450851356495571633e-04 1.392948610274863548e-04 -2.385903694675940831e-04 -5.901526211556637480e-03 -3.161061905002369218e-03 -1.847230221937448289e-03 -2.330998849527971331e-03 -5.439579446149405346e-06 1.756138806977857991e-06 -9.215883949473978084e-07 2.306606267010121240e-06 -1.309588854455286709e-05 -5.957388819899659733e-05
2.847536450151464770e-07 9.232518808269152290e-07 5.268824309278343623e-08 1.670542516630674948e-08 -4.717406728320838382e-07 -1.138521433555998521e-05 8.285391351945456796e-05 -3.839051332451293513e-06 4.757179064083384708e-06 -1.952094110456901746e-08 2.951634901687957974e-09 1.056564466102005804e-03 -8.339448644586070565e-06 -1.110141437687724180e-04 1.831645954830465092e-04 5.924934651747281171e-05 1.173911284737897814e-04 6.175059529183040698e-05 4.348616891873528399e-04 5.590464980086098934e-03 7.996087487701164856e-04 -7.709625854234184101e-05 2.205947452731244190e-04 3.371924305808998978e-07 -9.705061867287137023e-08 -4.497764890122228614e-07 -4.508858051387701082e-07 4.823787830815772760e-06 1.579795849634201029e-05
-5.192151970483656549e-08 -6.214948960419949017e-08 3.154678264658465121e-09 1.599762435348453613e-09 -4.287712695865896371e-09 3.287857236668386168e-07 3.165035462867466532e-07 -7.738201471339897668e-08 -1.952094110456901746e-08 3.688818291272156359e-07 1.443547703175895374e-09 -1.634138359936595543e-04 5.255171508077441341e-06 7.802461788162552703e-05 -5.227420737486682546e-05 1.691489993556223852e-04 -1.964528567612358319e-04 -5.430224340782873995e-05 1.001878841011863522e-05 3.736334152415049341e-03 1.013557162013509053e-04 3.859166588109418181e-04 3.673563656613079795e-04 1.897942323804199467e-07 2.520390648062264916e-08 5.457322538685934535e-07 7.348695719715568433e-08 1.051341297883864040e-06 8.412994024916330078e-07
-2.113382718855808210e-07 -7.263433267818688224e-08 -2.536336528510010834e-10 -2.324622062734294171e-09 1.513971168263073344e-08 -1.726121083301267820e-07 5.006683333078790300e-08 -1.167596707653953976e-07 2.951634901687957974e-09 1.443547703175895374e-09 3.837594016199144438e-07 7.061075535509491992e-04 -3.386995761599119225e-06 -5.009688641814635226e-05 1.069947101038253393e-05 1.707360641557974278e-05 -5.407882616472023309e-05 3.764637005709681032e-04 8.918243670607019745e-04 4.761387910837627064e-04 6.334713692170035218e-05 -4.245530193350104120e-04 -1.330331490859441553e-03 4.032282358230012938e-07 3.291878818217282494e-07 9.792654611442072061e-07 4.544444454876188309e-07 -2.278126650812457912e-07 -3.816953277553377919e-07
-8.605699713378668495e-04 -4.145619046066006605e-03 4.179673241326173035e-05 -6.862099594215700926e-05 6.522797191739722127e-05 3.587032955371937358e-03 -1.088524519035053567e-02 -8.800222098032340831e-04 1.056564466102005804e-03 -1.634138359936595543e-04 7.061075535509491992e-04 4.372133418978635433e+01 -3.516196903767268012e-01 -6.355421734517293642e-01 -5.319869465709324841e-01 3.156126816614579500e-01 5.487768732806002081e-01 -5.253028469435583325e+00 -3.186826557022482120e+01 3.563437975142789327e+01 2.631995222277539792e+00 -1.125779318590446465e+01 -5.369164205158933356e+01 -5.181265388738378512e-04 1.999475660613736581e-03 6.263528520319682283e-03 -1.941567586448575194e-03 2.227722593397842270e-03 -1.005080032011399643e-02
-1.374498197623139538e-05 8.313109205965552668e-05 2.002295107423434432e-07 8.333540614670469214e-07 -3.170357580596054151e-06 6.062599257498885148e-05 -1.836464663675965421e-04 -1.449202383955209701e-05 -8.339448644586067177e-06 5.255171508077439647e-06 -3.386995761599119648e-06 -3.516196903767266901e-01 8.159773833835554102e-02 -3.029855176585245086e-02 3.814686365883081937e-02 -3.126266541234434923e-04 1.017301635375889371e-02 1.073539812516495634e-01 1.048309973800313766e-01 -6.602503059016646692e-01 9.503112260190328398e-01 1.760194410058040670e+00 6.155752398963572070e-01 -1.497092630128150346e-05 2.008752895243873921e-04 2.705320744380179082e-05 2.949559888032461078e-04 -2.150220926087571859e-04 -1.304546339725059676e-03
4.887671786957677959e-04 8.791476662015648789e-04 3.895106867765859887e-06 2.021566041450518911e-05 -7.364651824936832548e-05 3.229358007110288368e-05 7.748634387693715576e-03 4.352621408613585011e-04 -1.110141437687723774e-04 7.802461788162552703e-05 -5.009688641814635226e-05 -6.355421734517293642e-01 -3.029855176585245086e-02 3.732073524986201818e+00 -2.580830172642589737e+00 -2.155389138381372249e-01 1.932196204211351076e-01 2.582598499560598171e+00 2.875388598588255462e+00 -3.018401947204924340e+01 -3.162826691950654023e+00 7.483388399532080903e+00 4.887166623794700016e+00 -1.345199248100076338e-03 -6.564629907727886720e-05 -4.719049489318815835e-03 -6.572196141862753354e-05 -2.575720230398077445e-03 -7.585192628240019184e-03
-1.281662887159342335e-03 -1.982830705087919570e-03 2.751777418084203326e-07 -3.037399561948968960e-05 9.449256992152444573e-05 -7.432574079033404339e-04 -1.002656754757515895e-02 -6.065718369352268279e-04 1.831645954830465092e-04 -5.227420737486683901e-05 1.069947101038253732e-05 -5.319869465709324841e-01 3.814686365883081937e-02 -2.580830172642589737e+00 5.393913717847301115e+00 1.476137413237507690e-01 -2.129336712704605616e-01 -1.922773961945933197e+00 -1.673624160433710317e+00 1.420648398592133965e+01 -4.404137368498741267e+00 -1.101814588350490531e+01 -8.166299514893664124e+00 1.249701854246656899e-03 4.588397545745098120e-04 5.744888942858944643e-03 1.023149347970488468e-03 1.593133000534921549e-03 1.098145006777984231e-03
-5.630121650888773518e-04 2.531785603584424892e-04 3.270567515045312956e-06 -2.700119026553768093e-06 1.452435529232662632e-05 2.342916519161072214e-03 -6.200596936173374991e-03 -1.807845576853127204e-04 5.924934651747281171e-05 1.691489993556223852e-04 1.707360641557973939e-05 3.156126816614579500e-01 -3.126266541234451728e-04 -2.155389138381372527e-01 1.476137413237507412e-01 3.354501012953791328e+00 5.388156214520398724e-01 2.045630374668957752e-01 1.604753346536418046e-01 -6.200361228241899170e+00 -3.165558902241187300e-01 -8.330787774533952028e-01 -8.716848642493939536e-01 9.092419050935857767e-04 1.025066685054051505e-03 -4.159716375287476377e-03 3.267130884567304530e-04 -9.184317330510175003e-04 -3.412841682214317815e-03
-3.473686288853610355e-05 -3.823545704771775470e-04 -5.247241856983505761e-06 -8.044495733663897962e-06 1.475889440781405201e-05 1.172237550016276900e-03 -5.074577999880202327e-03 1.450851356495571633e-04 1.173911284737897814e-04 -1.964528567612358319e-04 -5.407882616472021954e-05 5.487768732806002081e-01 1.017301635375889024e-02 1.932196204211351076e-01 -2.129336712704605616e-01 5.388156214520398724e-01 3.112156619452364215e+00 2.599674439097336531e+00 2.494208589786046648e+00 4.460604512441457281e+00 -1.265354278136113342e+00 -4.526837240751439562e-01 -9.771103913680442288e-01 1.134671889353946030e-03 -1.648727839758240543e-04 -3.312304296926755175e-03 -9.555170160712218473e-04 9.687136424794215049e-04 -1.513698943238846141e-03
-8.751233684215148703e-05 -4.543654637246094161e-04 -1.532508186300880659e-05 -8.307623976624579679e-06 2.111316181520247879e-05 5.899100753156323335e-04 -3.201730731585667334e-03 1.392948610274863548e-04 6.175059529183040698e-05 -5.430224340782873995e-05 3.764637005709681032e-04 -5.253028469435583325e+00 1.073539812516495634e-01 2.582598499560598171e+00 -1.922773961945933197e+00 2.045630374668957752e-01 2.599674439097336531e+00 1.042846049018202770e+01 1.821020724863494067e+01 -1.362741095117687173e+01 3.032931173682974713e+00 4.524487214632291199e+00 4.780336958887049903e+00 1.556656674251535909e-04 2.360280107330773745e-04 -7.768310627795007445e-03 -6.982935005073768672e-04 8.551335494723784044e-04 1.089886974716540620e-02
6.101302073219672800e-05 9.310464281924011763e-04 -3.997420246650315145e-05 4.563423138858929608e-06 2.782529790920822118e-06 -5.343535578115843343e-03 1.587093832788155287e-02 -2.385903694675942728e-04 4.348616891873528399e-04 1.001878841011863522e-05 8.918243670607019745e-04 -3.186826557022482120e+01 1.048309973800313766e-01 2.875388598588255462e+00 -1.673624160433710317e+00 1.604753346536418046e-01 2.494208589786046648e+00 1.821020724863494067e+01 5.090679854904198720e+01 -2.378665032745502828e+01 2.993968595400364308e+00 5.741558298297658069e+00 3.132882890591054093e+01 -2.887853246206598958e-04 -1.873233089132889410e-03 -1.258096124965589653e-02 1.411206924363564343e-03 3.385465617321751271e-03 3.902851532032221293e-02
-4.380950975874728891e-03 -2.160803664377925620e-02 -8.849110051997185295e-05 -3.719280954685479372e-04 5.094047140080402774e-04 1.046597389232037552e-02 -8.145126528576132618e-02 -5.901526211556638347e-03 5.590464980086098934e-03 3.736334152415049341e-03 4.761387910837625980e-04 3.563437975142789327e+01 -6.602503059016646692e-01 -3.018401947204924340e+01 1.420648398592133788e+01 -6.200361228241899170e+00 4.460604512441457281e+00 -1.362741095117687173e+01 -2.378665032745502828e+01 7.753877910289040756e+02 6.625684810154275795e+01 -5.635037109370380648e+01 -6.102592890385468394e+01 1.079948279437192155e-02 4.699953662771405236e-03 6.355530663804062619e-02 -7.482965404167101105e-03 4.150823485526044382e-02 3.183447538265555404e-02
-3.590639834477070413e-03 -6.469694025785670266e-03 -1.211014643566285187e-05 -1.885857184317055494e-04 4.165730680701974255e-04 7.024658637728483333e-03 -5.808512952573430255e-02 -3.161061905002368784e-03 7.996087487701164856e-04 1.013557162013509053e-04 6.334713692170035218e-05 2.631995222277539792e+00 9.503112260190328398e-01 -3.162826691950654023e+00 -4.404137368498740379e+00 -3.165558902241187300e-01 -1.265354278136113342e+00 3.032931173682974713e+00 2.993968595400364308e+00 6.625684810154275795e+01 5.997587424929074729e+01 4.027928938285168670e+01 1.345193407814843489e+01 -5.254798594154318388e-03 5.241782643888195752e-04 -1.804194678470141464e-03 -3.106428878312174346e-03 8.705535849192204759e-03 2.570532745941741734e-02
-2.134266859110978652e-03 1.146480776713429319e-03 1.239345768027360670e-05 -6.057608662589165823e-05 5.363555605979019724e-05 6.867493600024217500e-03 -2.481092495559911529e-02 -1.847230221937448289e-03 -7.709625854234182746e-05 3.859166588109418181e-04 -4.245530193350103036e-04 -1.125779318590446465e+01 1.760194410058040670e+00 7.483388399532080903e+00 -1.101814588350490531e+01 -8.330787774533953138e-01 -4.526837240751439562e-01 4.524487214632292087e+00 5.741558298297658069e+00 -5.635037109370380648e+01 4.027928938285168670e+01 8.588425793743671477e+01 5.022320417708170481e+01 -5.489195024615184555e-03 1.013286435755734625e-03 -9.599881915782306971e-03 2.351672063462592350e-03 -3.157858308322048380e-03 -2.910596835615321051e-02
-1.901309214984111791e-03 4.853235820050324535e-03 -4.572873934946322379e-05 1.736480785595947781e-05 -9.734915047718014725e-05 -7.073177684147383647e-04 1.088709236759310452e-02 -2.330998849527971331e-03 2.205947452731244190e-04 3.673563656613079795e-04 -1.330331490859441336e-03 -5.369164205158933356e+01 6.155752398963570959e-01 4.887166623794700016e+00 -8.166299514893664124e+00 -8.716848642493939536e-01 -9.771103913680442288e-01 4.780336958887049903e+00 3.132882890591054093e+01 -6.102592890385468394e+01 1.345193407814843489e+01 5.022320417708170481e+01 1.003105589744100001e+02 -8.614398656248101974e-04 -3.718034896793216779e-03 -1.386280200482665516e-02 4.691002251108381373e-04 -1.194892576593493136e-03 -1.103757736889052947e-03
-8.418094663488885119e-06 -6.056740948518050494e-07 2.463035719565047678e-07 2.742276957771511187e-08 4.912133125295583940e-07 -2.285260213377185662e-05 7.354723962276617461e-05 -5.439579446149406193e-06 3.371924305808997919e-07 1.897942323804199731e-07 4.032282358230012938e-07 -5.181265388738375260e-04 -1.497092630128150685e-05 -1.345199248100076338e-03 1.249701854246657116e-03 9.092419050935857767e-04 1.134671889353945813e-03 1.556656674251534825e-04 -2.887853246206602753e-04 1.079948279437192502e-02 -5.254798594154318388e-03 -5.489195024615183688e-03 -8.614398656248084627e-04 1.476048651746473400e-03 2.688367228339259059e-04 9.781080560086367415e-05 -3.918121465623991616e-04 -9.893389225176651297e-05 7.516604924384510424e-05
4.868034289559002778e-06 -4.773064000904367493e-07 -1.476703271515519752e-09 -3.741117848100708175e-08 2.461359517020518057e-08 -3.091688481708386628e-05 1.194663002566219721e-04 1.756138806977857991e-06 -9.705061867287137023e-08 2.520390648062259622e-08 3.291878818217281964e-07 1.999475660613736581e-03 2.008752895243873921e-04 -6.564629907727884009e-05 4.588397545745100288e-04 1.025066685054051721e-03 -1.648727839758241628e-04 2.360280107330771848e-04 -1.873233089132889410e-03 4.699953662771402634e-03 5.241782643888191415e-04 1.013286435755733758e-03 -3.718034896793217213e-03 2.688367228339259059e-04 8.685691320014112373e-04 6.816499829536177779e-06 7.451868384340527666e-04 2.729909487877908261e-05 -5.941384479376572584e-04
1.483854715583090328e-06 -4.058701242325269810e-06 4.759293661570795242e-08 -1.008424857334073252e-07 8.133832073521265067e-07 9.183767190126368007e-05 -3.215664275830645673e-04 -9.215883949473956908e-07 -4.497764890122226497e-07 5.457322538685934535e-07 9.792654611442074179e-07 6.263528520319680548e-03 2.705320744380173322e-05 -4.719049489318814100e-03 5.744888942858944643e-03 -4.159716375287475509e-03 -3.312304296926755175e-03 -7.768310627795007445e-03 -1.258096124965589653e-02 6.355530663804062619e-02 -1.804194678470139078e-03 -9.599881915782308706e-03 -1.386280200482665689e-02 9.781080560086364705e-05 6.816499829536174391e-06 7.258289265513230559e-03 -3.736111150958504237e-04 6.366676821455060373e-04 4.501209617129736142e-03
4.707020262898051451e-06 2.217502416485912123e-06 -2.886940770253135190e-07 -1.465033586228315317e-07 -1.832022089408352702e-07 -3.591266242805455966e-05 1.390386902089082218e-04 2.306606267010120817e-06 -4.508858051387703200e-07 7.348695719715576374e-08 4.544444454876188309e-07 -1.941567586448575194e-03 2.949559888032461078e-04 -6.572196141862764196e-05 1.023149347970488468e-03 3.267130884567307782e-04 -9.555170160712214136e-04 -6.982935005073771925e-04 1.411206924363564777e-03 -7.482965404167097635e-03 -3.106428878312173913e-03 2.351672063462591483e-03 4.691002251108389504e-04 -3.918121465623991616e-04 7.451868384340527666e-04 -3.736111150958504237e-04 2.934062818521392460e-03 4.559916600686894227e-04 -9.143444398027166919e-04
-1.673125680760189984e-05 -4.093500701594331430e-06 -2.265741311645358058e-07 -4.560658903769985362e-07 8.892075193813244452e-07 3.155849805469116304e-05 -2.545288302854023478e-04 -1.309588854455286709e-05 4.823787830815772760e-06 1.051341297883864040e-06 -2.278126650812457647e-07 2.227722593397840969e-03 -2.150220926087572130e-04 -2.575720230398077445e-03 1.593133000534921115e-03 -9.184317330510173918e-04 9.687136424794210712e-04 8.551335494723788381e-04 3.385465617321751705e-03 4.150823485526043688e-02 8.705535849192203024e-03 -3.157858308322048380e-03 -1.194892576593495088e-03 -9.893389225176652652e-05 2.729909487877908261e-05 6.366676821455060373e-04 4.559916600686894227e-04 6.305134242700835556e-03 7.613858864672633231e-03
-7.363413025599890556e-05 -1.469790129552950196e-05 -1.855601974788513115e-07 -1.111179226707140029e-06 7.994029824003076224e-06 1.756755262305004602e-05 -5.801388257493634258e-04 -5.957388819899660411e-05 1.579795849634201029e-05 8.412994024916334313e-07 -3.816953277553377919e-07 -1.005080032011399296e-02 -1.304546339725060110e-03 -7.585192628240016582e-03 1.098145006777984881e-03 -3.412841682214316948e-03 -1.513698943238844623e-03 1.089886974716540620e-02 3.902851532032221293e-02 3.183447538265555404e-02 2.570532745941742081e-02 -2.910596835615320704e-02 -1.103757736889057067e-03 7.516604924384510424e-05 -5.941384479376572584e-04 4.501209617129736142e-03 -9.143444398027166919e-04 7.613858864672632364e-03 7.192188350271271069e-02
