# logA ns theta_MC_100 ombh2 omch2 w wa tau A_act P_act
1.133905784849445410e-04 4.295242747049731983e-06 2.484468886854082797e-07 1.131346296613232147e-07 -2.513303472395511481e-06 -2.377860840466291430e-04 1.388584024018362818e-03 5.789030313614317047e-05 1.018397685104937463e-06 5.533760350560170014e-07
4.295242747049731983e-06 1.768523627750787151e-05 2.647402661278187398e-07 4.856137513218537860e-09 -3.291402826737783729e-06 8.785077733301392341e-05 -3.338646853994914625e-04 4.841305486389863347e-06 4.387686808835584389e-06 1.322066800131340841e-07
2.484468886854082797e-07 2.647402661278187398e-07 8.301544099442058489e-08 2.767257753461982807e-09 -8.263438752826722331e-08 3.628463678286845406e-06 -1.423680777857179706e-05 1.764190886955058879e-07 2.605637766680759930e-08 6.049231338657087557e-08
1.131346296613232147e-07 4.856137513218537860e-09 2.767257753461982807e-09 1.403026648039224720e-08 -1.760527062133193058e-08 1.190445166984065100e-06 -5.179645400830332712e-06 8.284893925535742474e-08 -1.257360888325749717e-08 -4.978240883181314134e-08
-2.513303472395511481e-06 -3.291402826737783729e-06 -8.263438752826722331e-08 -1.760527062133193058e-08 1.633326137904974386e-06 -5.342222189103619604e-05 2.157784464138308889e-04 -3.009490129025195235e-06 -2.251657007125614009e-07 -4.041478696152671320e-07
-2.377860840466291430e-04 8.785077733301392341e-05 3.628463678286845406e-06 1.190445166984065100e-06 -5.342222189103619604e-05 1.055810347797283590e-02 -4.842635749801168371e-02 -4.121096259775118987e-05 -1.594813848448566591e-05 9.102234952756132352e-06
1.388584024018362818e-03 -3.338646853994914625e-04 -1.423680777857179706e-05 -5.179645400830333559e-06 2.157784464138308889e-04 -4.842635749801168371e-02 2.403519319988922376e-01 3.494582298318002120e-04 9.552827067349450678e-05 -3.127520385027912636e-05
5.789030313614317047e-05 4.841305486389863347e-06 1.764190886955058879e-07 8.284893925535742474e-08 -3.009490129025195235e-06 -4.121096259775118987e-05 3.494582298318002120e-04 3.341858938359216054e-05 -1.075778932912312247e-06 5.449984236849240430e-07
1.018397685104937463e-06 4.387686808835584389e-06 2.605637766680759930e-08 -1.257360888325749717e-08 -2.251657007125614009e-07 -1.594813848448566591e-05 9.552827067349447968e-05 -1.075778932912312247e-06 4.466296792895773050e-06 -1.012752218283030089e-06
5.533760350560170014e-07 1.322066800131340841e-07 6.049231338657087557e-08 -4.978240883181314134e-08 -4.041478696152671320e-07 9.102234952756132352e-06 -3.127520385027912636e-05 5.449984236849240430e-07 -1.012752218283030089e-06 6.874871423644816767e-06
