# logA ns theta_MC_100 ombh2 omch2 w wa tau A_planck calib_100T calib_217T A_cib_217 xi_sz_cib A_sz ksz_norm gal545_A_100 gal545_A_143 gal545_A_143_217 gal545_A_217 ps_A_100_100 ps_A_143_143 ps_A_143_217 ps_A_217_217 galf_TE_A_100 galf_TE_A_100_143 galf_TE_A_100_217 galf_TE_A_143 galf_TE_A_143_217 galf_TE_A_217
1.866268435068447605e-04 1.173683414120587653e-05 5.771484303955360892e-07 4.193094487250464088e-07 -4.387881713434039165e-06 -9.295907882336281033e-05 7.126341375238853674e-04 9.787107669470683122e-05 2.882925675285780369e-07 -5.376748106790610077e-08 -1.849754606634371544e-07 -2.386421688773031347e-03 8.922247657430233732e-06 6.917945268116293921e-04 -1.385133413428496713e-03 -7.099929590799113023e-04 -2.485421402826010532e-04 -2.632979256857645423e-05 7.054697330543829468e-04 -1.083486738004425277e-02 -5.753919764580525328e-03 -2.408865018588512291e-03 1.718659417319377879e-04 -9.103101296504251177e-06 4.683928120915369551e-06 -2.102548067455313845e-05 2.697837038092191832e-07 -6.880589510623205432e-06 -3.122770094662455283e-05
1.173683414120587653e-05 1.338122463847739000e-05 1.841570912230526388e-07 1.334791727134450672e-07 -1.759524582180761563e-06 -2.567379132762901019e-05 2.251901641804590268e-04 7.730794061295475701e-06 9.771288055334134084e-07 -5.830760877445548753e-08 -5.782325624727109558e-08 -4.200795934702920321e-03 9.352891701678687651e-05 8.885238293842072583e-04 -2.045691599249406696e-03 2.684506226644023451e-04 -3.364929315349805849e-04 -3.147333816317683251e-04 1.222072354401013356e-03 -2.221040964316516042e-02 -6.519040423089559298e-03 1.321645197728308100e-03 4.904003675199514016e-03 -1.001517968558681146e-06 2.028954362135131415e-07 -6.982736913630718986e-06 2.679663710905165466e-06 -2.069108257498315843e-06 -8.727307002985726180e-06
5.771484303955360892e-07 1.841570912230526388e-07 8.341961110058343561e-08 1.113988943740964387e-08 -3.660459461771958087e-08 -1.491606885321191006e-06 1.215618451929596266e-05 2.316417783749418796e-07 5.090212914192463150e-08 3.195357411308622329e-09 4.476138501447183036e-10 1.780185385667910536e-05 -1.464760657208462322e-07 3.475829291088185327e-06 -1.566054961968370332e-06 1.501973062997560534e-06 8.530558331032233677e-07 -5.466925217068183200e-06 -9.023664703952598734e-06 3.994305296404853552e-06 -2.311557337475536407e-05 1.004452789387421968e-07 -2.268557022661676312e-05 2.368600286367504937e-07 -1.072599610052879007e-08 2.678344066441051663e-07 -4.090324819336866981e-07 -3.002915137919523338e-07 1.589934184887820900e-07
4.193094487250464088e-07 1.334791727134450672e-07 1.113988943740964387e-08 1.709119034795609720e-08 -4.568941085403594901e-08 -8.249892556475242115e-07 7.018655399017898570e-06 2.062822430327610657e-07 2.047715593827197973e-08 1.146553552857140597e-09 -1.293743756735691897e-09 -6.794867545832550986e-05 6.880985609822690546e-07 1.899079782456837952e-05 -2.554189907002288302e-05 -2.787890538302187267e-06 -8.713799688393945747e-06 -7.574615484174879399e-06 1.125668600649052059e-05 -3.490045886984949352e-04 -1.974814342514642708e-04 -7.163956411776477198e-05 4.790261599633366178e-06 9.934119585697916406e-09 -5.396035462504215717e-08 -2.018434238066990536e-07 -2.549354280833912575e-07 -4.790711411207886163e-07 -1.399494140744378936e-06
-4.387881713434039165e-06 -1.759524582180761563e-06 -3.660459461771958087e-08 -4.568941085403594901e-08 7.356525994389791703e-07 1.016678447844684845e-05 -8.877203833043994694e-05 -2.599293212785927337e-06 -4.676551171027947690e-07 -5.437647145736186335e-09 1.006757369970771506e-08 1.392890300453895305e-04 -5.721449077843062074e-06 -8.976734746066859110e-05 9.389979644312893958e-05 4.162202347362103916e-05 2.331853513801248167e-05 -2.255847859444035734e-05 -1.101022697001718606e-04 9.218361520822116123e-04 4.774615620349201652e-04 3.913158218549949780e-05 -1.319014056956673779e-04 8.893411967604492846e-07 2.725904251490087929e-08 1.144513207408080949e-06 3.388360509823485783e-07 1.314903866006510927e-07 5.451249398761470172e-06
-9.295907882336281033e-05 -2.567379132762901019e-05 -1.491606885321191006e-06 -8.249892556475242115e-07 1.016678447844684845e-05 2.878672144451560611e-03 -9.606823889546678083e-03 -4.614975332311886587e-05 -1.204848406698897062e-05 1.773439752783670731e-07 2.448396972815689719e-07 6.249607309266773554e-03 -2.373723927883298734e-04 -1.556121321322328924e-03 1.067853702702712109e-03 4.081602779251459513e-03 1.849662391406356563e-04 -9.364089690373748756e-04 -5.849057276734498552e-03 2.298663859305385970e-02 5.094346976405222764e-03 -4.920656278928304747e-03 -1.013368629649366234e-02 -2.443766447054881118e-05 -3.546647327358895465e-05 1.022153196285151934e-04 2.361286692825677719e-06 3.977872320422299316e-06 -4.929182602044397270e-05
7.126341375238853674e-04 2.251901641804590268e-04 1.215618451929596266e-05 7.018655399017898570e-06 -8.877203833043994694e-05 -9.606823889546678083e-03 4.119687882960705594e-02 3.754693476688388334e-04 8.199787340845795158e-05 8.277546556648633535e-07 -1.095052232953293282e-06 -2.885456516565424595e-02 8.661539499834295264e-04 1.323873829791254522e-02 -1.286322576916931401e-02 -1.456988570375618471e-02 -1.990075154372257602e-03 5.145238811593015778e-03 2.775911725694162058e-02 -1.505210820895975521e-01 -6.322245569413700861e-02 6.385294027517075116e-03 4.513427972915521474e-02 3.488852407732912289e-05 1.287146365435761647e-04 -3.339304898930175601e-04 -1.298725608353041815e-05 -4.207482495300348904e-05 -5.521064592074197727e-05
9.787107669470683122e-05 7.730794061295477395e-06 2.316417783749418796e-07 2.062822430327610657e-07 -2.599293212785927337e-06 -4.614975332311886587e-05 3.754693476688388334e-04 5.626217293842039738e-05 -3.854635820288043119e-06 -8.726779940576194483e-08 -1.223067498012479584e-07 -1.555394705107809687e-03 4.202668324490600094e-06 4.944047809793060107e-04 -6.081049660388086709e-04 -2.396123525975259877e-04 5.912086814810018804e-06 5.771159904045996067e-05 -1.821626643327413874e-04 -9.599788658228159202e-03 -4.211284216702814581e-03 -1.906232158558947114e-03 -1.373149649772619982e-03 -4.970188350186118293e-06 2.571985338638252104e-06 -1.115563822177490896e-05 1.125907541832400270e-06 -7.397811675278346702e-06 -2.764875782062724502e-05
2.882925675285780369e-07 9.771288055334134084e-07 5.090212914192463150e-08 2.047715593827197973e-08 -4.676551171027947690e-07 -1.204848406698897062e-05 8.199787340845795158e-05 -3.854635820288043119e-06 4.771530332704395449e-06 -3.106621553053813353e-09 2.117115857445756502e-08 9.415427801006884386e-04 -1.380449288393695084e-05 -3.209914684902200917e-05 1.281818272553895955e-04 1.060323037143941669e-05 1.479438715235235858e-04 2.573936319940396959e-04 8.313937797515047251e-04 5.469911757491573850e-03 7.209686278932313317e-04 -1.418309427614407889e-04 2.750429459197979210e-04 -8.708245926723373184e-07 -6.220838379913169280e-07 -2.139286714292461291e-06 -1.387499895653827478e-06 5.389125888457421180e-06 9.086984406237081941e-06
-5.376748106790610077e-08 -5.830760877445548753e-08 3.195357411308622329e-09 1.146553552857140597e-09 -5.437647145736186335e-09 1.773439752783670466e-07 8.277546556648628241e-07 -8.726779940576195807e-08 -3.106621553053813353e-09 3.723502643178430523e-07 5.235313794155252386e-10 -1.724029022867646656e-04 5.169427273041147321e-06 8.785703128976060042e-05 -5.795814834523992407e-05 1.683671545890153855e-04 -1.937909544563374241e-04 -5.471706691184791377e-05 3.419500625646563203e-06 3.707241435037775777e-03 9.421088821895104751e-05 4.052311063145583227e-04 4.134489561158459633e-04 -1.193658778732038190e-07 -1.471681011640719830e-07 2.542619208186458341e-07 2.684566837227206925e-07 7.488446777677000525e-07 4.275305953747843969e-07
-1.849754606634371544e-07 -5.782325624727109558e-08 4.476138501447183036e-10 -1.293743756735691897e-09 1.006757369970771506e-08 2.448396972815689719e-07 -1.095052232953293282e-06 -1.223067498012479584e-07 2.117115857445756502e-08 5.235313794155252386e-10 3.847203205617421551e-07 6.915555935321972963e-04 -3.971677107590011480e-06 -5.079917332572411352e-05 7.669087703568536082e-06 1.053676572808606346e-05 -6.018869187250119911e-05 3.697454881904275277e-04 8.867512850874284579e-04 4.838993388889262898e-04 5.910382039741157842e-05 -4.432695844019690244e-04 -1.308705969838128060e-03 2.249844411252896292e-07 2.075972323830400485e-07 6.224418273847832092e-07 2.739559210209189339e-07 2.493606497179110091e-07 -1.773774374493334930e-06
-2.386421688773031347e-03 -4.200795934702920321e-03 1.780185385667909859e-05 -6.794867545832550986e-05 1.392890300453895305e-04 6.249607309266773554e-03 -2.885456516565425289e-02 -1.555394705107809904e-03 9.415427801006884386e-04 -1.724029022867646385e-04 6.915555935321972963e-04 4.375991927849648988e+01 -3.753126323404614162e-01 -6.194454220094887109e-01 -5.077823361639087762e-01 1.973161323045945770e-01 5.097158751838519741e-01 -5.343703511904515757e+00 -3.210843312838124319e+01 3.311287367910635027e+01 2.238994491084549399e+00 -1.210721026774698750e+01 -5.389052156440405383e+01 2.443675923441573829e-03 1.634340589846211772e-03 5.720765626283676880e-03 -3.086420594010046755e-03 3.096900176373514838e-04 4.489483390289692767e-03
8.922247657430238814e-06 9.352891701678687651e-05 -1.464760657208461263e-07 6.880985609822690546e-07 -5.721449077843061227e-06 -2.373723927883297378e-04 8.661539499834296349e-04 4.202668324490606023e-06 -1.380449288393694914e-05 5.169427273041147321e-06 -3.971677107590012327e-06 -3.753126323404614162e-01 8.226583214337411520e-02 -4.186430734025897715e-02 4.771735873819852453e-02 4.354164396850102904e-03 7.158365191029110799e-03 1.048379892650393858e-01 1.152421001696589536e-01 -6.385273478863330299e-01 9.622292356947254044e-01 1.747785270850391592e+00 6.274447540092975562e-01 -8.315009803282167613e-05 1.564245982571006569e-04 -7.961203140382348028e-05 1.421428941370746245e-04 -3.616998907337457621e-04 -5.893266922629649849e-04
6.917945268116292836e-04 8.885238293842072583e-04 3.475829291088187021e-06 1.899079782456838291e-05 -8.976734746066859110e-05 -1.556121321322328707e-03 1.323873829791254522e-02 4.944047809793060107e-04 -3.209914684902200239e-05 8.785703128976061398e-05 -5.079917332572411352e-05 -6.194454220094885999e-01 -4.186430734025897021e-02 3.745969215777725569e+00 -2.578709561668357075e+00 -2.007450615675772099e-01 1.769776079067127417e-01 2.611008090723618391e+00 2.983635274637496337e+00 -3.000616686328798366e+01 -3.311791915662518182e+00 7.250330601014200127e+00 4.824000149702704299e+00 -1.657150298596296156e-03 3.409240717539362657e-05 -5.348577242291463994e-03 5.769718346049218646e-04 -2.644487611989005532e-03 -1.031477813976094254e-02
-1.385133413428496713e-03 -2.045691599249406696e-03 -1.566054961968366732e-06 -2.554189907002288302e-05 9.389979644312893958e-05 1.067853702702711892e-03 -1.286322576916931401e-02 -6.081049660388086709e-04 1.281818272553896226e-04 -5.795814834523992407e-05 7.669087703568536082e-06 -5.077823361639087762e-01 4.771735873819851759e-02 -2.578709561668357075e+00 5.454940018045554950e+00 1.336355509734819258e-01 -2.097533877583066253e-01 -1.916754704582953162e+00 -1.775240805487863449e+00 1.375663458970768183e+01 -4.429365117900888826e+00 -1.094898989520835286e+01 -8.297020512512538915e+00 1.406055130950791682e-03 9.640989836423694177e-05 4.310006154952023341e-03 -8.560136512409166403e-04 1.884537519267641620e-03 2.567979779610591110e-03
-7.099929590799113023e-04 2.684506226644023451e-04 1.501973062997561170e-06 -2.787890538302187267e-06 4.162202347362103916e-05 4.081602779251459513e-03 -1.456988570375618471e-02 -2.396123525975259606e-04 1.060323037143942008e-05 1.683671545890153855e-04 1.053676572808606177e-05 1.973161323045945492e-01 4.354164396850103771e-03 -2.007450615675771821e-01 1.336355509734819258e-01 3.364655845560607261e+00 5.431372153118938506e-01 1.947402330995700037e-01 1.392906678952024746e-01 -7.324269071440764556e+00 -5.019471333977146843e-01 -7.762164457776330462e-01 -7.409528933349323054e-01 3.706094717742943151e-04 5.520521697569343456e-04 -2.031323861915564771e-03 7.264062524690027053e-04 -7.940174533348878013e-04 8.834655722537612492e-04
-2.485421402826011616e-04 -3.364929315349805849e-04 8.530558331032230501e-07 -8.713799688393945747e-06 2.331853513801248167e-05 1.849662391406354937e-04 -1.990075154372257168e-03 5.912086814809995934e-06 1.479438715235235858e-04 -1.937909544563374241e-04 -6.018869187250119911e-05 5.097158751838519741e-01 7.158365191029110799e-03 1.769776079067127694e-01 -2.097533877583066253e-01 5.431372153118938506e-01 3.091470287171340203e+00 2.596534034029286619e+00 2.545833717460277423e+00 4.851458958684577105e+00 -1.323332156553980399e+00 -6.076475480965032316e-01 -1.003950085104694967e+00 8.248672564212086635e-04 -1.945222087528792460e-04 -1.797116721470831506e-03 -1.365077459372494384e-03 3.752294455678629147e-04 -1.794121969235833115e-04
-2.632979256857667446e-05 -3.147333816317683794e-04 -5.466925217068183200e-06 -7.574615484174879399e-06 -2.255847859444035734e-05 -9.364089690373745504e-04 5.145238811593014910e-03 5.771159904045996067e-05 2.573936319940396959e-04 -5.471706691184792732e-05 3.697454881904275277e-04 -5.343703511904515757e+00 1.048379892650393858e-01 2.611008090723618391e+00 -1.916754704582952940e+00 1.947402330995700037e-01 2.596534034029286619e+00 1.047957248854867807e+01 1.842679330414821237e+01 -1.308471139134336703e+01 2.859101712595234712e+00 4.430752561374457166e+00 4.864413800792977582e+00 -7.457834525979214601e-04 4.054504690137917958e-04 -1.117254145976578732e-02 -1.847684641732674261e-04 -1.195207403404538286e-03 2.705775057106203554e-03
7.054697330543829468e-04 1.222072354401013356e-03 -9.023664703952598734e-06 1.125668600649052059e-05 -1.101022697001718606e-04 -5.849057276734498552e-03 2.775911725694161711e-02 -1.821626643327413874e-04 8.313937797515047251e-04 3.419500625646561085e-06 8.867512850874284579e-04 -3.210843312838124319e+01 1.152421001696589398e-01 2.983635274637496781e+00 -1.775240805487863893e+00 1.392906678952025024e-01 2.545833717460277423e+00 1.842679330414821237e+01 5.155751207575956840e+01 -2.191134212544513460e+01 2.955058784682293549e+00 6.222499804014811176e+00 3.167283834784006658e+01 -2.444017843245206018e-03 -8.102419241410442445e-04 -1.663140678577201478e-02 2.948688344429952965e-03 2.685215634075955281e-03 1.390153155381164060e-02
-1.083486738004425104e-02 -2.221040964316516042e-02 3.994305296404837459e-06 -3.490045886984949894e-04 9.218361520822116123e-04 2.298663859305385970e-02 -1.505210820895975521e-01 -9.599788658228159202e-03 5.469911757491573850e-03 3.707241435037775777e-03 4.838993388889262898e-04 3.311287367910635027e+01 -6.385273478863330299e-01 -3.000616686328799076e+01 1.375663458970768183e+01 -7.324269071440762779e+00 4.851458958684577105e+00 -1.308471139134336703e+01 -2.191134212544513460e+01 7.802207666532426629e+02 6.933224316102825924e+01 -5.443610108176032725e+01 -5.652296281012448276e+01 1.052974304867525419e-02 3.190542630150328606e-04 6.837642930310915135e-02 -1.491353242187969282e-02 5.735939882986054728e-03 -9.906217035121459707e-03
-5.753919764580525328e-03 -6.519040423089559298e-03 -2.311557337475537085e-05 -1.974814342514642708e-04 4.774615620349201652e-04 5.094346976405220162e-03 -6.322245569413700861e-02 -4.211284216702814581e-03 7.209686278932313317e-04 9.421088821895103396e-05 5.910382039741157164e-05 2.238994491084549843e+00 9.622292356947254044e-01 -3.311791915662518182e+00 -4.429365117900888826e+00 -5.019471333977147953e-01 -1.323332156553980399e+00 2.859101712595234712e+00 2.955058784682293549e+00 6.933224316102825924e+01 6.129637967943787658e+01 4.096708185936725499e+01 1.449992527557300548e+01 -5.401440785734258447e-03 -5.099141742344265663e-04 1.421130020317860725e-03 -2.041470570835820977e-03 2.536920433175559458e-03 1.583538010416859002e-02
-2.408865018588511424e-03 1.321645197728308100e-03 1.004452789387442747e-07 -7.163956411776477198e-05 3.913158218549949780e-05 -4.920656278928304747e-03 6.385294027517071647e-03 -1.906232158558947331e-03 -1.418309427614408160e-04 4.052311063145583770e-04 -4.432695844019690244e-04 -1.210721026774698750e+01 1.747785270850391148e+00 7.250330601014200127e+00 -1.094898989520835286e+01 -7.762164457776330462e-01 -6.076475480965031206e-01 4.430752561374458054e+00 6.222499804014811176e+00 -5.443610108176032725e+01 4.096708185936725499e+01 8.572424492430535281e+01 5.142276726656807284e+01 -8.447482746556992522e-03 8.660930927005773474e-05 -2.444470700368898963e-03 2.740343616104341275e-03 -7.352011410548744616e-03 -2.561585212430645200e-02
1.718659417319377879e-04 4.904003675199513149e-03 -2.268557022661676312e-05 4.790261599633366178e-06 -1.319014056956673779e-04 -1.013368629649366061e-02 4.513427972915522168e-02 -1.373149649772619548e-03 2.750429459197978668e-04 4.134489561158459633e-04 -1.308705969838128060e-03 -5.389052156440405383e+01 6.274447540092975562e-01 4.824000149702704299e+00 -8.297020512512540691e+00 -7.409528933349323054e-01 -1.003950085104694967e+00 4.864413800792977582e+00 3.167283834784006658e+01 -5.652296281012448276e+01 1.449992527557300548e+01 5.142276726656807284e+01 1.011370668690924077e+02 -7.565949045708863542e-03 -3.647187142763609613e-03 -4.026068356503213937e-03 4.776769610500101147e-03 -2.439545798523510601e-04 -1.539015794341823569e-02
-9.103101296504251177e-06 -1.001517968558680934e-06 2.368600286367504407e-07 9.934119585697921369e-09 8.893411967604492846e-07 -2.443766447054881118e-05 3.488852407732913644e-05 -4.970188350186119140e-06 -8.708245926723375302e-07 -1.193658778732038454e-07 2.249844411252896292e-07 2.443675923441573396e-03 -8.315009803282171679e-05 -1.657150298596295722e-03 1.406055130950791248e-03 3.706094717742943151e-04 8.248672564212086635e-04 -7.457834525979213517e-04 -2.444017843245206018e-03 1.052974304867524899e-02 -5.401440785734260182e-03 -8.447482746556992522e-03 -7.565949045708863542e-03 1.459257746522917747e-03 2.619567859170903964e-04 5.806324079410981991e-05 -3.921821584852101784e-04 -1.180589089811894855e-04 5.940921397047943502e-06
4.683928120915369551e-06 2.028954362135126121e-07 -1.072599610052881158e-08 -5.396035462504215717e-08 2.725904251490087929e-08 -3.546647327358895465e-05 1.287146365435761376e-04 2.571985338638252528e-06 -6.220838379913170339e-07 -1.471681011640719830e-07 2.075972323830400485e-07 1.634340589846211772e-03 1.564245982571006569e-04 3.409240717539357914e-05 9.640989836423694177e-05 5.520521697569343456e-04 -1.945222087528792460e-04 4.054504690137917958e-04 -8.102419241410437024e-04 3.190542630150313970e-04 -5.099141742344264578e-04 8.660930927005845302e-05 -3.647187142763610047e-03 2.619567859170903964e-04 8.641229782841802721e-04 6.886158903405583859e-06 7.544751135221061059e-04 2.786051818652759312e-05 -6.858779180525760100e-04
-2.102548067455313507e-05 -6.982736913630720680e-06 2.678344066441051134e-07 -2.018434238066990536e-07 1.144513207408080949e-06 1.022153196285151934e-04 -3.339304898930175059e-04 -1.115563822177490896e-05 -2.139286714292461291e-06 2.542619208186458870e-07 6.224418273847832092e-07 5.720765626283678615e-03 -7.961203140382342607e-05 -5.348577242291463994e-03 4.310006154952021606e-03 -2.031323861915564771e-03 -1.797116721470831506e-03 -1.117254145976578732e-02 -1.663140678577201825e-02 6.837642930310915135e-02 1.421130020317860941e-03 -2.444470700368902866e-03 -4.026068356503212202e-03 5.806324079410984023e-05 6.886158903405588094e-06 7.177893480770524380e-03 -3.483985885735458926e-04 5.430860855072201440e-04 4.139462070070467660e-03
2.697837038092168009e-07 2.679663710905165466e-06 -4.090324819336868040e-07 -2.549354280833913104e-07 3.388360509823485783e-07 2.361286692825677719e-06 -1.298725608353039613e-05 1.125907541832401117e-06 -1.387499895653827478e-06 2.684566837227207983e-07 2.739559210209189339e-07 -3.086420594010046755e-03 1.421428941370745703e-04 5.769718346049213225e-04 -8.560136512409160982e-04 7.264062524690030305e-04 -1.365077459372494818e-03 -1.847684641732669924e-04 2.948688344429952965e-03 -1.491353242187969629e-02 -2.041470570835820977e-03 2.740343616104340407e-03 4.776769610500101147e-03 -3.921821584852101784e-04 7.544751135221058891e-04 -3.483985885735458926e-04 2.928394770278668069e-03 4.565922919436640900e-04 -8.888298243947419762e-04
-6.880589510623205432e-06 -2.069108257498316266e-06 -3.002915137919523338e-07 -4.790711411207886163e-07 1.314903866006509074e-07 3.977872320422299316e-06 -4.207482495300359746e-05 -7.397811675278345855e-06 5.389125888457420333e-06 7.488446777677000525e-07 2.493606497179109032e-07 3.096900176373528933e-04 -3.616998907337456537e-04 -2.644487611989005532e-03 1.884537519267641837e-03 -7.940174533348884518e-04 3.752294455678630231e-04 -1.195207403404537636e-03 2.685215634075955281e-03 5.735939882986052125e-03 2.536920433175562928e-03 -7.352011410548742014e-03 -2.439545798523510601e-04 -1.180589089811894720e-04 2.786051818652758295e-05 5.430860855072201440e-04 4.565922919436640900e-04 6.325094094808716289e-03 7.610719176105857492e-03
-3.122770094662455283e-05 -8.727307002985726180e-06 1.589934184887821958e-07 -1.399494140744379360e-06 5.451249398761470172e-06 -4.929182602044394559e-05 -5.521064592074197727e-05 -2.764875782062723824e-05 9.086984406237080247e-06 4.275305953747846087e-07 -1.773774374493334506e-06 4.489483390289686696e-03 -5.893266922629650933e-04 -1.031477813976094081e-02 2.567979779610591110e-03 8.834655722537612492e-04 -1.794121969235832302e-04 2.705775057106204421e-03 1.390153155381163713e-02 -9.906217035121471851e-03 1.583538010416857961e-02 -2.561585212430645200e-02 -1.539015794341822702e-02 5.940921397047943502e-06 -6.858779180525760100e-04 4.139462070070466793e-03 -8.888298243947421930e-04 7.610719176105857492e-03 7.169343911386621970e-02
