# logA ns theta_MC_100 ombh2 omch2 w wa tau A_planck calib_100T calib_217T A_cib_217 xi_sz_cib A_sz ksz_norm gal545_A_100 gal545_A_143 gal545_A_143_217 gal545_A_217 ps_A_100_100 ps_A_143_143 ps_A_143_217 ps_A_217_217 galf_TE_A_100 galf_TE_A_100_143 galf_TE_A_100_217 galf_TE_A_143 galf_TE_A_143_217 galf_TE_A_217
1.793073835831329450e-04 1.766252099706413958e-05 8.124638985729936111e-07 5.680948569741946018e-07 -6.868058056586139852e-06 -1.326079453653555233e-04 1.067380469393875049e-03 9.459009734051786254e-05 2.786988557008417870e-06 -2.179623563588576553e-07 -1.425109898012744121e-07 -2.602543206252586755e-03 6.257914726034222435e-05 1.125771534832317343e-03 -1.804470758279202525e-03 -5.346081338706023221e-04 -3.905331906374367545e-04 -3.083488535526130933e-04 6.845467673398490660e-04 -1.532461203122065588e-02 -4.898381654701694163e-03 8.360768908898141187e-04 3.576391441194798522e-03 2.577329291394253954e-06 -3.535799309206712910e-06 8.640403066319456997e-06 -1.084325436431206479e-05 -5.695808121924511772e-06 1.632124221010747167e-05
1.766252099706413958e-05 1.718257043524141036e-05 4.335300633706182157e-07 2.477318384074409057e-07 -3.418165558276609563e-06 5.331785422255958814e-05 -1.313948019790036150e-04 1.191436654125134208e-05 1.574668370394199149e-06 -8.117417010555845430e-08 -1.798737242272048467e-08 -4.928699923661384284e-03 7.451522408769910798e-05 9.538779905607679610e-04 -2.365357805557304245e-03 2.841690126711920268e-04 -4.919352219132202067e-04 -4.623864021413682883e-04 1.603398267752482748e-03 -2.191842069728331191e-02 -6.709686439675195853e-03 1.337667549987989679e-03 6.078217223287841683e-03 7.897215197637487086e-07 -6.967841755981195313e-07 2.585955494975610023e-06 -6.939053815608730441e-06 -5.721970603941470134e-06 -2.022351640788402745e-05
8.124638985729936111e-07 4.335300633706182157e-07 9.315113589580899357e-08 1.570146536441925499e-08 -1.188432520837652869e-07 2.725584490329128271e-06 -6.136010758218958495e-06 4.325500164085238818e-07 7.081468278695442269e-08 -1.805623877641669591e-10 -8.634694726421370240e-10 -4.389267685527481339e-06 -6.506315546485736264e-07 1.746344213952827584e-05 -3.536464831484579363e-05 -5.621944304159702242e-06 -6.543698311662739792e-06 -1.273895276266143689e-05 3.159367219475683933e-06 -1.606731748879037174e-05 -7.063205986637494333e-05 1.097676448783043461e-05 3.144921330038857204e-05 -2.947204978102414203e-07 1.678001128175298200e-08 3.472442016462226347e-07 -2.130987557419455921e-08 -8.211689682503957000e-07 -2.713577564890032238e-06
5.680948569741946018e-07 2.477318384074409057e-07 1.570146536441925499e-08 2.010554728189787472e-08 -9.068074624353890797e-08 1.966960001918658936e-06 -5.356943376695265099e-06 3.135170405465964228e-07 3.763311622820282642e-08 1.273931678696040757e-09 -2.066229984600626078e-09 -4.874159392432256429e-05 1.495542035649364925e-06 1.860781920223099684e-05 -4.180206383873734670e-05 -2.298639183947789894e-06 -8.074299298277135337e-06 -2.209187187927499384e-05 -2.187757480978641924e-05 -2.866310080683040821e-04 -2.025229057853876501e-04 -5.415943856247809601e-05 1.185306228395807478e-07 -5.059943634445536000e-08 3.840592148815589832e-08 2.059788023047941031e-07 -1.147519834374171829e-07 -2.905478142262772574e-07 -1.628756549774126713e-06
-6.868058056586139852e-06 -3.418165558276609563e-06 -1.188432520837652869e-07 -9.068074624353890797e-08 1.363821587619117801e-06 -2.131910525573389798e-05 5.217107558889637440e-05 -4.224718933152446808e-06 -7.754347781854881157e-07 1.093872112536650759e-08 7.570180566288965300e-10 4.084698841237119674e-04 -2.319964382323359477e-06 -1.095725178292947981e-04 2.359195555016326646e-04 -4.410487577139084859e-05 8.412751860677868205e-06 1.642747094231872886e-05 -2.591562735299678512e-04 1.959305891568896129e-03 8.958412968554845066e-04 9.993637668676840662e-05 -5.022950380045528886e-04 2.174403263747380282e-07 -2.846856682359626788e-07 -1.213842535922268696e-06 1.918386524399836349e-06 1.790514387158755192e-06 4.092402082968488704e-06
-1.326079453653555233e-04 5.331785422255960169e-05 2.725584490329128271e-06 1.966960001918658936e-06 -2.131910525573389798e-05 9.257241052755309924e-03 -4.371910080220912237e-02 -1.700879761632137312e-05 -2.477125040821159560e-05 -2.787765972765734124e-07 2.649622303242418839e-07 -1.900137524538398834e-02 6.304360833900039471e-04 3.264090535931273192e-03 -3.743109398707961935e-04 5.186108929756933807e-03 -4.851361031752727941e-04 -7.087825951607870049e-04 1.405014741838394319e-03 -1.156350683620748221e-01 -4.531034684514970157e-02 -9.389451409981389163e-03 -5.319380558522805551e-03 7.991441773711923426e-07 1.329457332963523053e-05 -3.402933420101087199e-06 4.093323134679819356e-05 9.567636755456313034e-05 -3.186223511558854160e-04
1.067380469393874832e-03 -1.313948019790036150e-04 -6.136010758218959342e-06 -5.356943376695265099e-06 5.217107558889637440e-05 -4.371910080220912237e-02 2.273360760665138203e-01 2.882961869833166398e-04 1.765136795630267773e-04 3.107192038946350313e-06 -1.960764063537038064e-06 6.766519996589157038e-02 -3.044688549939150030e-03 -1.100165667536331070e-02 -8.949683273175057172e-03 -2.911243462783040525e-02 4.062937695265388637e-03 7.526439429135225838e-03 1.844933549748343019e-02 5.248012952997164193e-01 1.658370114391179984e-01 2.807526184713350290e-02 6.074119645871645101e-02 -1.212682187440699140e-04 -1.063618986543045229e-06 -7.605538633109946533e-05 -1.354678829431274207e-04 -3.897119725302548377e-04 1.497574242501517779e-03
9.459009734051786254e-05 1.191436654125134208e-05 4.325500164085238818e-07 3.135170405465964228e-07 -4.224718933152446808e-06 -1.700879761632137312e-05 2.882961869833166398e-04 5.527617597737107989e-05 -2.585807107503598283e-06 -1.625151591144048665e-07 -9.268550337753086697e-08 -1.783809013653162934e-03 2.777165574376316194e-05 7.375773781286645587e-04 -1.038504230392187522e-03 -5.824793767875808496e-05 -6.801625507547829773e-05 3.502299297403399574e-05 -5.487287147791421876e-05 -1.178142096802279118e-02 -3.567015656946041606e-03 -1.642470665645405156e-04 4.764790293875013059e-04 1.273553061820548614e-06 -3.659772603000105588e-07 1.514107290060112247e-06 -1.872900605692862224e-06 -2.696450798380837413e-06 -7.101710892009027078e-06
2.786988557008417870e-06 1.574668370394199149e-06 7.081468278695442269e-08 3.763311622820282642e-08 -7.754347781854881157e-07 -2.477125040821159560e-05 1.765136795630267773e-04 -2.585807107503598283e-06 5.009684921549059793e-06 -2.289570801003828166e-08 3.963744356820055207e-08 7.538943907198601821e-04 -1.758459996789946147e-05 -3.464182383980789903e-05 2.087971262595730414e-04 1.332124687200276665e-05 1.277862977299581049e-04 8.349636622240572831e-05 8.589385726469614879e-04 3.582673541067430203e-03 6.196043987077623342e-05 -3.653055344568888608e-04 4.329877303145550534e-04 5.956477937559573224e-07 -1.414966768806420840e-06 2.460837124818743954e-06 -6.690856678813863501e-06 -6.239497088843102038e-07 1.335384079995888135e-05
-2.179623563588576553e-07 -8.117417010555845430e-08 -1.805623877641669591e-10 1.273931678696040757e-09 1.093872112536650759e-08 -2.787765972765734124e-07 3.107192038946350313e-06 -1.625151591144048665e-07 -2.289570801003828166e-08 3.913021725351342477e-07 -7.925909875076352021e-09 -2.246622076728035803e-04 1.002492112297377079e-06 1.032003908411769695e-04 -7.746878481295774242e-05 1.647646449183537431e-04 -1.806147414419398834e-04 -2.561094363496656324e-05 5.652466068172866203e-05 4.054022991084952829e-03 5.335425579768165880e-05 3.718984288413475334e-04 5.082640658086534733e-04 5.538786515457677437e-07 1.553156512020419125e-07 5.122870978650184688e-07 -1.527327174566823144e-07 -2.524279718982858947e-07 1.809580030145065600e-07
-1.425109898012744121e-07 -1.798737242272048467e-08 -8.634694726421370240e-10 -2.066229984600626078e-09 7.570180566288965300e-10 2.649622303242418839e-07 -1.960764063537037640e-06 -9.268550337753086697e-08 3.963744356820055207e-08 -7.925909875076352021e-09 3.901261815525287801e-07 7.476224338723360405e-04 8.679951030463869265e-07 -3.246513493131215113e-05 5.698316330153229407e-07 3.566339207193371778e-06 -2.889707121819076310e-05 4.118283959471447965e-04 9.043601999232388743e-04 5.283141782871628080e-04 1.008021628091331743e-04 -2.958503203922954934e-04 -1.339749197038458571e-03 -8.879165105537126823e-08 1.862851784810899257e-07 -5.159849128693927339e-07 4.702210076353800449e-07 1.062341181731849349e-06 1.740428209458553610e-06
-2.602543206252586755e-03 -4.928699923661385152e-03 -4.389267685527481339e-06 -4.874159392432255073e-05 4.084698841237119674e-04 -1.900137524538398834e-02 6.766519996589158426e-02 -1.783809013653162934e-03 7.538943907198601821e-04 -2.246622076728035803e-04 7.476224338723360405e-04 4.337356493262955581e+01 -3.911252244256241961e-01 -9.062782008586642846e-01 -1.139975369619027623e-01 5.816624235594696629e-02 5.595718763937473916e-01 -5.792115385778151548e+00 -3.220159365226176362e+01 3.713288582889941836e+01 1.976241134413912137e+00 -1.254375611208996588e+01 -5.383395583463607181e+01 -1.920661056257384541e-03 -1.480657218560115992e-03 4.450155547954772611e-03 3.947346743248801929e-03 1.725052348627331006e-02 1.219338742695486727e-02
6.257914726034222435e-05 7.451522408769908087e-05 -6.506315546485736264e-07 1.495542035649364290e-06 -2.319964382323359053e-06 6.304360833900042723e-04 -3.044688549939150030e-03 2.777165574376316533e-05 -1.758459996789945808e-05 1.002492112297377079e-06 8.679951030463860795e-07 -3.911252244256240296e-01 8.171002517970547829e-02 -2.246249439326614833e-02 3.172195778692001727e-02 -8.704768464492758373e-03 7.325728009370981522e-03 1.355368769250375749e-01 1.888912244163013232e-01 -8.091311579196622805e-01 9.452226627377545709e-01 1.746593810133430846e+00 6.298577725953329320e-01 2.857857524582776480e-05 3.197290214800118486e-05 -3.293351944365058943e-04 -7.504958992852521168e-05 2.730408499183586751e-04 4.282826803954921076e-04
1.125771534832317343e-03 9.538779905607679610e-04 1.746344213952827584e-05 1.860781920223099684e-05 -1.095725178292947981e-04 3.264090535931273192e-03 -1.100165667536331243e-02 7.375773781286645587e-04 -3.464182383980788548e-05 1.032003908411769695e-04 -3.246513493131215113e-05 -9.062782008586641735e-01 -2.246249439326614833e-02 3.793412862128788365e+00 -2.744013224812714924e+00 -1.910378932393034246e-01 2.459385868385107199e-01 2.760542106620258007e+00 3.401721455221285328e+00 -2.839244287979288472e+01 -2.693080882773581930e+00 8.011385712768845480e+00 5.480053985484873103e+00 1.844271160222850695e-04 5.720610182021512903e-05 9.867680948786555599e-04 -2.524816225932352727e-03 -5.889652034228424343e-03 -4.177318343600271676e-03
-1.804470758279202525e-03 -2.365357805557304245e-03 -3.536464831484579363e-05 -4.180206383873733992e-05 2.359195555016326646e-04 -3.743109398707975487e-04 -8.949683273175058906e-03 -1.038504230392187522e-03 2.087971262595730414e-04 -7.746878481295774242e-05 5.698316330153251642e-07 -1.139975369619028039e-01 3.172195778692001727e-02 -2.744013224812714924e+00 5.795002246129765666e+00 1.671138804824198187e-01 -2.225698942426107829e-01 -2.151839073262802771e+00 -2.279483268739533219e+00 1.303641596813921133e+01 -5.256647540586994793e+00 -1.207900123631707956e+01 -9.288684833550796327e+00 5.476244873866741242e-04 5.153755143268390305e-04 -1.343778660336311572e-03 1.653076321097515398e-03 5.428160117214747907e-03 4.993989335511041586e-03
-5.346081338706024305e-04 2.841690126711920268e-04 -5.621944304159702242e-06 -2.298639183947790318e-06 -4.410487577139082826e-05 5.186108929756933807e-03 -2.911243462783040872e-02 -5.824793767875808496e-05 1.332124687200275818e-05 1.647646449183537431e-04 3.566339207193368814e-06 5.816624235594703568e-02 -8.704768464492758373e-03 -1.910378932393034246e-01 1.671138804824198187e-01 3.292248724999291110e+00 4.883458399429870811e-01 6.073706024587392088e-02 -1.163459987735753244e-05 -6.810759502230805396e+00 -3.780107492269866865e-01 -7.043309772049807238e-01 -4.166700968002825523e-01 -1.511956626657304670e-03 -2.922684651617220080e-04 -2.252088572226691992e-03 -7.669061273294138642e-04 1.687880939501829091e-03 7.514093549637765540e-04
-3.905331906374367545e-04 -4.919352219132204235e-04 -6.543698311662738098e-06 -8.074299298277135337e-06 8.412751860677868205e-06 -4.851361031752725230e-04 4.062937695265388637e-03 -6.801625507547824352e-05 1.277862977299581320e-04 -1.806147414419398834e-04 -2.889707121819075971e-05 5.595718763937473916e-01 7.325728009370983257e-03 2.459385868385107476e-01 -2.225698942426107829e-01 4.883458399429870811e-01 3.171737391179072496e+00 2.780264440427658634e+00 2.867973752079035155e+00 6.033163031675159438e+00 -1.328492323473410064e+00 -5.728603779388238282e-01 -1.242196135794157108e+00 -2.062268028117265374e-03 -7.004756118139667757e-04 -2.523539839271042844e-03 1.433356183411959228e-03 -1.844151714123759295e-03 -9.376484205383776860e-03
-3.083488535526130391e-04 -4.623864021413682883e-04 -1.273895276266143520e-05 -2.209187187927499045e-05 1.642747094231873225e-05 -7.087825951607879807e-04 7.526439429135231909e-03 3.502299297403400929e-05 8.349636622240575541e-05 -2.561094363496656324e-05 4.118283959471447965e-04 -5.792115385778151548e+00 1.355368769250375749e-01 2.760542106620258007e+00 -2.151839073262802771e+00 6.073706024587391394e-02 2.780264440427658634e+00 1.106051430374086486e+01 1.949642617593986316e+01 -1.260010343290551305e+01 3.784769835291357687e+00 5.706573788096214628e+00 5.621397379309208020e+00 2.857276564055810371e-04 -2.590690138502361800e-04 -2.006401082415278699e-03 -1.948167428458857150e-03 -6.304924467952094554e-03 8.629179280212846692e-03
6.845467673398490660e-04 1.603398267752482748e-03 3.159367219475683933e-06 -2.187757480978641924e-05 -2.591562735299678512e-04 1.405014741838394319e-03 1.844933549748340590e-02 -5.487287147791415100e-05 8.589385726469613794e-04 5.652466068172868236e-05 9.043601999232388743e-04 -3.220159365226176362e+01 1.888912244163013232e-01 3.401721455221285328e+00 -2.279483268739533219e+00 -1.163459987736081892e-05 2.867973752079035155e+00 1.949642617593986316e+01 5.272233240663698695e+01 -2.552818343768364073e+01 4.295839956029351647e+00 8.736924174679629118e+00 3.240214740655552106e+01 5.880737463437001045e-04 5.080084328212403338e-04 -4.103720649766093298e-03 -4.280109406008319670e-03 -1.775369252683064308e-02 1.873713334400132699e-02
-1.532461203122065588e-02 -2.191842069728331191e-02 -1.606731748879038191e-05 -2.866310080683040821e-04 1.959305891568896129e-03 -1.156350683620748498e-01 5.248012952997164193e-01 -1.178142096802279118e-02 3.582673541067430203e-03 4.054022991084952829e-03 5.283141782871628080e-04 3.713288582889941836e+01 -8.091311579196622805e-01 -2.839244287979288472e+01 1.303641596813921133e+01 -6.810759502230805396e+00 6.033163031675159438e+00 -1.260010343290551305e+01 -2.552818343768364073e+01 7.447911022642371108e+02 5.543256223765778401e+01 -6.039288072613897640e+01 -6.402449008208982661e+01 4.913551324187480189e-03 8.623839218858630985e-04 -3.963928892267260667e-02 2.674711212135194929e-02 3.395991341021178944e-02 -1.006972910270657745e-01
-4.898381654701692428e-03 -6.709686439675195853e-03 -7.063205986637494333e-05 -2.025229057853876501e-04 8.958412968554842898e-04 -4.531034684514970157e-02 1.658370114391180261e-01 -3.567015656946041172e-03 6.196043987077624697e-05 5.335425579768165880e-05 1.008021628091331743e-04 1.976241134413912137e+00 9.452226627377545709e-01 -2.693080882773581930e+00 -5.256647540586994793e+00 -3.780107492269866865e-01 -1.328492323473410064e+00 3.784769835291357687e+00 4.295839956029351647e+00 5.543256223765778401e+01 6.064718481561777708e+01 4.182436600977574415e+01 1.465210029886689469e+01 4.665115051902204600e-04 2.222373508598339640e-04 -1.434157379722708105e-02 2.454421644358580090e-04 7.878280862695001899e-03 4.287651008292429206e-02
8.360768908898141187e-04 1.337667549987989679e-03 1.097676448783044647e-05 -5.415943856247809601e-05 9.993637668676840662e-05 -9.389451409981392632e-03 2.807526184713347167e-02 -1.642470665645404614e-04 -3.653055344568889150e-04 3.718984288413475334e-04 -2.958503203922954934e-04 -1.254375611208996588e+01 1.746593810133430846e+00 8.011385712768847256e+00 -1.207900123631707956e+01 -7.043309772049809458e-01 -5.728603779388238282e-01 5.706573788096213740e+00 8.736924174679629118e+00 -6.039288072613897640e+01 4.182436600977574415e+01 8.688555380643485648e+01 5.207568999100976015e+01 -3.658640203756441302e-04 2.915390215315196570e-03 -1.455478296863619431e-02 -3.282071503144285470e-03 -1.428601453857411552e-02 -6.441204261434013180e-03
3.576391441194798522e-03 6.078217223287841683e-03 3.144921330038857204e-05 1.185306228395802184e-07 -5.022950380045528886e-04 -5.319380558522809020e-03 6.074119645871645795e-02 4.764790293875015227e-04 4.329877303145550534e-04 5.082640658086534733e-04 -1.339749197038458571e-03 -5.383395583463607181e+01 6.298577725953329320e-01 5.480053985484873103e+00 -9.288684833550796327e+00 -4.166700968002825523e-01 -1.242196135794157108e+00 5.621397379309208020e+00 3.240214740655552106e+01 -6.402449008208982661e+01 1.465210029886689469e+01 5.207568999100976015e+01 1.020896884237271252e+02 1.191301874377774907e-03 3.031645481819679553e-03 -9.819799042770110953e-03 -4.584820043175434449e-03 -2.972207154661274039e-02 -1.187515674044855273e-02
2.577329291394254377e-06 7.897215197637479675e-07 -2.947204978102414203e-07 -5.059943634445537985e-08 2.174403263747380282e-07 7.991441773712093891e-07 -1.212682187440699140e-04 1.273553061820547344e-06 5.956477937559580636e-07 5.538786515457677437e-07 -8.879165105537133440e-08 -1.920661056257382806e-03 2.857857524582766993e-05 1.844271160222851237e-04 5.476244873866740158e-04 -1.511956626657304670e-03 -2.062268028117265374e-03 2.857276564055815792e-04 5.880737463436995624e-04 4.913551324187482791e-03 4.665115051902202431e-04 -3.658640203756457565e-04 1.191301874377774907e-03 1.429992537912804732e-03 2.733458649336061616e-04 1.709610283201158838e-04 -3.507659264302689320e-04 -4.829181814447500805e-05 -4.361917862760300823e-05
-3.535799309206711639e-06 -6.967841755981198489e-07 1.678001128175297538e-08 3.840592148815587185e-08 -2.846856682359627317e-07 1.329457332963522206e-05 -1.063618986543045229e-06 -3.659772603000110882e-07 -1.414966768806420417e-06 1.553156512020419654e-07 1.862851784810898728e-07 -1.480657218560116643e-03 3.197290214800120519e-05 5.720610182021519679e-05 5.153755143268390305e-04 -2.922684651617219538e-04 -7.004756118139667757e-04 -2.590690138502364510e-04 5.080084328212410927e-04 8.623839218858652669e-04 2.222373508598350211e-04 2.915390215315198739e-03 3.031645481819677818e-03 2.733458649336061616e-04 8.886270544016498666e-04 1.039167873415467900e-04 7.461065680213485596e-04 8.034039517291570508e-06 -8.794815519912739694e-04
8.640403066319456997e-06 2.585955494975609600e-06 3.472442016462226347e-07 2.059788023047941296e-07 -1.213842535922268484e-06 -3.402933420101078728e-06 -7.605538633109946533e-05 1.514107290060112247e-06 2.460837124818744377e-06 5.122870978650184688e-07 -5.159849128693928398e-07 4.450155547954772611e-03 -3.293351944365057859e-04 9.867680948786559936e-04 -1.343778660336311572e-03 -2.252088572226691558e-03 -2.523539839271043712e-03 -2.006401082415279133e-03 -4.103720649766092431e-03 -3.963928892267260667e-02 -1.434157379722708105e-02 -1.455478296863619431e-02 -9.819799042770109218e-03 1.709610283201158838e-04 1.039167873415467900e-04 7.160813604429873587e-03 -2.676328562799644298e-04 6.996546861620001230e-04 4.427786509088585051e-03
-1.084325436431206479e-05 -6.939053815608730441e-06 -2.130987557419455921e-08 -1.147519834374171962e-07 1.918386524399836349e-06 4.093323134679818001e-05 -1.354678829431275021e-04 -1.872900605692860953e-06 -6.690856678813863501e-06 -1.527327174566823144e-07 4.702210076353799920e-07 3.947346743248801061e-03 -7.504958992852517102e-05 -2.524816225932352293e-03 1.653076321097515398e-03 -7.669061273294136474e-04 1.433356183411959011e-03 -1.948167428458856499e-03 -4.280109406008320537e-03 2.674711212135194929e-02 2.454421644358585511e-04 -3.282071503144285037e-03 -4.584820043175431847e-03 -3.507659264302689320e-04 7.461065680213485596e-04 -2.676328562799644298e-04 2.828534014463741138e-03 4.063810395918126682e-04 -1.234934832433867528e-03
-5.695808121924511772e-06 -5.721970603941466746e-06 -8.211689682503957000e-07 -2.905478142262772574e-07 1.790514387158755192e-06 9.567636755456313034e-05 -3.897119725302548919e-04 -2.696450798380836566e-06 -6.239497088843099920e-07 -2.524279718982857888e-07 1.062341181731849349e-06 1.725052348627331006e-02 2.730408499183587835e-04 -5.889652034228424343e-03 5.428160117214747907e-03 1.687880939501829091e-03 -1.844151714123759295e-03 -6.304924467952094554e-03 -1.775369252683064308e-02 3.395991341021177556e-02 7.878280862695003633e-03 -1.428601453857411031e-02 -2.972207154661274039e-02 -4.829181814447500127e-05 8.034039517291575590e-06 6.996546861620001230e-04 4.063810395918127224e-04 6.332807352045635024e-03 7.921163486934980347e-03
1.632124221010747845e-05 -2.022351640788402745e-05 -2.713577564890032238e-06 -1.628756549774126713e-06 4.092402082968489551e-06 -3.186223511558852533e-04 1.497574242501517562e-03 -7.101710892009035548e-06 1.335384079995888304e-05 1.809580030145057659e-07 1.740428209458553822e-06 1.219338742695486207e-02 4.282826803954919992e-04 -4.177318343600271676e-03 4.993989335511040718e-03 7.514093549637760119e-04 -9.376484205383776860e-03 8.629179280212850162e-03 1.873713334400132699e-02 -1.006972910270657884e-01 4.287651008292430593e-02 -6.441204261434004506e-03 -1.187515674044854752e-02 -4.361917862760304211e-05 -8.794815519912739694e-04 4.427786509088585051e-03 -1.234934832433867528e-03 7.921163486934980347e-03 7.290807573985141898e-02
