# logA ns theta_MC_100 ombh2 omch2 w wa tau A_planck calib_100T calib_217T A_cib_217 xi_sz_cib A_sz ksz_norm gal545_A_100 gal545_A_143 gal545_A_143_217 gal545_A_217 ps_A_100_100 ps_A_143_143 ps_A_143_217 ps_A_217_217 galf_TE_A_100 galf_TE_A_100_143 galf_TE_A_100_217 galf_TE_A_143 galf_TE_A_143_217 galf_TE_A_217
1.752187410964723183e-04 1.370019441447986194e-05 6.300954683025656567e-07 5.315813856378372441e-07 -5.712633076480534784e-06 1.890472911197446247e-04 1.527878436017359245e-03 9.129910374650602295e-05 2.230106993984607509e-06 1.059369123527107291e-07 -2.516437118402217010e-07 -3.747857241513970986e-03 1.172743040934803524e-04 2.748231147059662367e-04 -7.190124447372223029e-04 5.987350784960867391e-05 -5.286093184081098626e-04 -6.445829725030023790e-04 1.325207167646603318e-03 -1.451682614789187933e-02 -6.371009570232482287e-03 -1.308988989039980635e-03 1.706586695193694232e-03 -3.983637723369469003e-06 4.927741394195590363e-06 -1.462016590612635614e-06 -2.008604957367592455e-07 -2.384786948970174874e-05 -9.617265382666820815e-05
1.370019441447986194e-05 1.780504083602793864e-05 3.991238785523802300e-07 2.776929791014570245e-07 -3.646758758332505821e-06 2.734036957609981835e-05 -4.898125953540802225e-04 1.051307887124978101e-05 1.267263212510614633e-06 -4.372288880579199619e-08 -3.276287636535326932e-08 -5.109529892283216738e-03 1.000475536029633432e-04 1.111409120113823453e-03 -2.370584599466784605e-03 2.295792655821957129e-04 -6.340448601450983249e-04 -3.087209215411438625e-04 2.071228263810871197e-03 -2.576182757819181837e-02 -7.034290184250903931e-03 1.842780769972450191e-03 5.712151640368614419e-03 -9.783288248959139169e-08 1.502709722978095346e-06 -1.325254289243379174e-06 -3.322312611737450651e-06 -1.125899291434241691e-05 -3.537306541247077718e-05
6.300954683025656567e-07 3.991238785523802300e-07 9.545267749049532014e-08 1.811308550884423886e-08 -1.202690901116605538e-07 1.767721769757294797e-06 -2.109752434829238036e-05 3.118100854235188309e-07 8.582621912217450107e-08 4.643664710247463241e-09 -1.902782370409237196e-09 -5.719931261380079810e-05 2.017607386130897368e-06 1.019980994882069979e-05 -4.058532742677053675e-05 -2.311488784414549985e-06 -2.255527292846215887e-05 -1.551857160501239651e-05 1.122420048740922936e-05 -1.579595434091913934e-04 -1.239004734924807613e-05 9.090743906324942375e-05 1.310539290007783030e-04 4.422933803490209887e-08 -2.284726888433553058e-07 -6.075934139093791738e-07 -4.569025262467000131e-07 -6.286628551202649666e-07 -4.047729343724968347e-06
5.315813856378372441e-07 2.776929791014570245e-07 1.811308550884423886e-08 2.295764260173000001e-08 -1.046177922799116367e-07 2.207610530277919262e-06 -1.737350133080371159e-05 3.035800601102489897e-07 3.770243216305764848e-08 4.601712976143701627e-09 -3.276192470975075209e-09 -9.767424501829769770e-05 2.697082841662609195e-06 2.605730535647554283e-05 -4.710352036465249691e-05 1.805669147398747402e-07 -1.719096682879257612e-05 -7.545283040289299749e-06 2.056885559174182390e-05 -4.528081532380537756e-04 -2.144303146302122020e-04 -2.594398988138337320e-05 5.197352328552192071e-05 4.525996193289151594e-08 1.508774648042585881e-08 -2.873673124111816111e-07 -3.425867898759693378e-07 -7.011089052071410150e-07 -2.885929148092612506e-06
-5.712633076480534784e-06 -3.646758758332505821e-06 -1.202690901116605538e-07 -1.046177922799116367e-07 1.494692952702097894e-06 -1.019510606956106267e-05 1.679128796220728673e-04 -3.891876902351911086e-06 -6.699841765362334002e-07 -1.930748028879889389e-08 4.530799451202139866e-09 5.467444623870904713e-04 -1.002297802876725338e-05 -1.329916269536822221e-04 2.277322872696326364e-04 -1.771665215536815811e-05 1.026229464866253160e-04 -7.713502294253637227e-06 -4.096194376188336500e-04 1.917930614118832809e-03 9.353159736048404513e-04 4.940133654220432529e-05 -4.999336379911524606e-04 -3.142415253079353471e-07 -7.743745940572772219e-07 -2.790420901347481193e-07 8.799131521101944283e-07 2.625890668962217310e-06 1.245791461662476584e-05
1.890472911197446247e-04 2.734036957609981157e-05 1.767721769757294797e-06 2.207610530277919686e-06 -1.019510606956106267e-05 2.468838983311851532e-01 -4.685042248359416739e-01 6.207398014892925040e-05 4.795037534963641595e-05 2.698507531141152090e-06 2.769508300214578806e-06 -3.189766859019162876e-02 4.941492697020619411e-04 4.885495716143799759e-04 3.298312662196467571e-02 1.060335407505388038e-02 2.106543311105454896e-02 2.297129703580396212e-02 6.427833779388308910e-02 6.099051043607240513e-02 -9.571140403357764059e-02 -6.533013953557882669e-02 -4.197613150593679232e-02 -4.253822200665615728e-04 3.724587302223609760e-04 -7.321725738003259480e-04 5.116213564187599297e-04 -2.592483670437632304e-04 1.297031662347589240e-03
1.527878436017359462e-03 -4.898125953540802225e-04 -2.109752434829238036e-05 -1.737350133080371498e-05 1.679128796220728673e-04 -4.685042248359416739e-01 1.610843212810453950e+00 3.650148059595315206e-04 1.752913673061217152e-04 -2.155558443218909184e-05 -1.927091880061579213e-06 1.288301242061977714e-01 -2.902472127168190816e-04 -4.342259566116819097e-02 2.090274240722632057e-02 -1.436892281297296424e-02 -3.420511588173310441e-02 -3.261079797758473925e-02 -1.042829656981694580e-01 -3.309435156926544552e-01 4.056401626258623327e-01 1.424832467229457666e-01 9.662899622621801132e-02 1.368647868600726680e-03 -8.996057813335610462e-04 1.604068087401549049e-03 -1.769476922987596804e-03 8.147664785007929962e-04 2.902331746710516518e-03
9.129910374650602295e-05 1.051307887124978101e-05 3.118100854235188309e-07 3.035800601102489897e-07 -3.891876902351911086e-06 6.207398014892927750e-05 3.650148059595315206e-04 5.345440352955412532e-05 -2.952595637047330148e-06 1.925066308743428767e-08 -1.465622111845711098e-07 -2.738343742874262392e-03 4.032978982318169675e-05 3.533016156209580036e-04 -5.207428131441036280e-04 1.914839997347840485e-04 -8.200954999618317962e-05 2.911755754893355933e-06 8.976618497646790974e-04 -1.055536615732363334e-02 -4.940463290917652787e-03 -1.799148952614199309e-03 -2.217756719765497184e-04 -2.366932808361579044e-06 2.986071055541663401e-06 -1.594605912625367817e-06 1.356764874786127817e-06 -1.512811113242853619e-05 -6.314736666487570475e-05
2.230106993984607509e-06 1.267263212510614633e-06 8.582621912217450107e-08 3.770243216305764848e-08 -6.699841765362334002e-07 4.795037534963642273e-05 1.752913673061217423e-04 -2.952595637047330148e-06 4.934256603630599664e-06 -1.315651500643489362e-08 2.019013478741220111e-08 9.069868653366886229e-04 8.203914401320989451e-06 -5.664469666397657671e-05 2.716359295973210463e-04 -7.867527178232929582e-06 -2.335958150042911552e-05 -9.643783584330991481e-05 3.342198803083528172e-04 3.329140051860259106e-03 7.401861995922232734e-04 4.096375667254233935e-04 4.441906193725052299e-04 1.080664313990219862e-07 1.786749494339364650e-07 2.034046889224728082e-06 -1.254087081513749862e-06 2.518062677326227123e-07 5.128131740025130218e-06
1.059369123527107291e-07 -4.372288880579199619e-08 4.643664710247463241e-09 4.601712976143701627e-09 -1.930748028879889389e-08 2.698507531141150820e-06 -2.155558443218909522e-05 1.925066308743428767e-08 -1.315651500643489362e-08 3.827824305537381187e-07 -2.363737077414540876e-09 -1.209399949796063846e-04 6.264288591274851296e-06 1.179150165258551863e-04 -6.262642041689437885e-05 1.855258822810182601e-04 -1.612710148925796229e-04 1.966068523763421443e-06 5.147869678361509718e-05 3.751398349415002980e-03 3.659707719892595133e-05 4.064640474381746348e-04 2.856675868211003126e-04 1.966100527166636860e-07 4.443266071428821061e-07 -2.640004076365461886e-07 2.120319337931570171e-07 2.305526735180907378e-07 3.657958632013369814e-06
-2.516437118402217010e-07 -3.276287636535326932e-08 -1.902782370409237196e-09 -3.276192470975075209e-09 4.530799451202139866e-09 2.769508300214578806e-06 -1.927091880061580483e-06 -1.465622111845711098e-07 2.019013478741220111e-08 -2.363737077414540876e-09 3.764306573409535161e-07 6.304247875887309749e-04 9.349143238797759689e-08 -2.208217675856727222e-05 -1.871391099727775191e-05 -1.116457727916342999e-05 -2.417250892592131805e-05 4.361211042492020248e-04 9.865585406863407614e-04 4.876882689149981357e-04 1.543092858646733932e-04 -2.773437187442563223e-04 -1.172704806829813354e-03 -4.915159679289132184e-08 -8.771839774470443466e-08 -5.170276607576903737e-08 -6.007755986762562059e-07 2.126084707253107439e-07 1.774113946807094354e-06
-3.747857241513970986e-03 -5.109529892283216738e-03 -5.719931261380079810e-05 -9.767424501829769770e-05 5.467444623870904713e-04 -3.189766859019161488e-02 1.288301242061977714e-01 -2.738343742874262826e-03 9.069868653366886229e-04 -1.209399949796063846e-04 6.304247875887309749e-04 4.330904542501548349e+01 -3.770467893329748632e-01 -6.165015272967950821e-01 -4.883214656728230851e-01 2.681934501237518420e-01 6.587982771669906867e-01 -5.423662404240641166e+00 -3.246973902667421896e+01 3.493335049324867470e+01 2.835448008130001973e+00 -1.154157176482378411e+01 -5.234634451896091178e+01 -1.107803731392767027e-05 -4.046834069900317327e-03 8.535051195291940701e-03 -5.986697014733944125e-03 6.368678047358732400e-03 2.055683838360022886e-02
1.172743040934803524e-04 1.000475536029633297e-04 2.017607386130897368e-06 2.697082841662609195e-06 -1.002297802876725338e-05 4.941492697020617242e-04 -2.902472127168195153e-04 4.032978982318169675e-05 8.203914401320989451e-06 6.264288591274851296e-06 9.349143238797759689e-08 -3.770467893329748632e-01 8.146523857384417588e-02 -3.609493167000142611e-02 3.969571403883180583e-02 -1.044276772946953723e-02 1.069265150486483837e-02 1.105919241455325247e-01 1.339420083312866383e-01 -4.159254707745247970e-01 9.258618498507554806e-01 1.727592557652616101e+00 6.385810450992128740e-01 1.681648039814932218e-04 1.242396598509929112e-04 -1.231783586445237390e-04 1.709231972666200411e-05 -1.459829523123085864e-04 -2.119866410407578020e-04
2.748231147059661825e-04 1.111409120113823453e-03 1.019980994882069809e-05 2.605730535647554283e-05 -1.329916269536822221e-04 4.885495716143763980e-04 -4.342259566116818403e-02 3.533016156209580578e-04 -5.664469666397657671e-05 1.179150165258551863e-04 -2.208217675856726883e-05 -6.165015272967950821e-01 -3.609493167000142611e-02 3.761832417863721023e+00 -2.634969029261384321e+00 -2.420106610647912715e-01 1.538754255051503206e-01 2.655819059308924146e+00 3.204278331172301097e+00 -2.902073546970498086e+01 -3.311930992057850354e+00 7.192029410117338095e+00 4.698440253085660601e+00 -1.311789114362669996e-03 2.476251986042733960e-04 -2.031442407208939368e-03 7.003653907613344165e-04 -1.090249305823385011e-03 4.249249330241766306e-03
-7.190124447372223029e-04 -2.370584599466784605e-03 -4.058532742677053675e-05 -4.710352036465249691e-05 2.277322872696326364e-04 3.298312662196468265e-02 2.090274240722633445e-02 -5.207428131441036280e-04 2.716359295973209921e-04 -6.262642041689439241e-05 -1.871391099727775191e-05 -4.883214656728230851e-01 3.969571403883180583e-02 -2.634969029261384321e+00 5.639878039141541954e+00 1.667396231990205813e-01 -1.997733695313980429e-01 -2.112272210866940281e+00 -2.179082969184242380e+00 1.310575988431066996e+01 -4.928442635636928415e+00 -1.130434903089815890e+01 -8.196351721889588049e+00 1.950907535326661243e-03 5.284552164874091029e-04 -3.903187602438264008e-04 2.692705418152658865e-03 -2.728075970984945820e-04 -1.837578294556019981e-02
5.987350784960857904e-05 2.295792655821957671e-04 -2.311488784414548714e-06 1.805669147398755343e-07 -1.771665215536815811e-05 1.060335407505388211e-02 -1.436892281297296424e-02 1.914839997347841027e-04 -7.867527178232921111e-06 1.855258822810182601e-04 -1.116457727916343338e-05 2.681934501237518420e-01 -1.044276772946953723e-02 -2.420106610647912160e-01 1.667396231990205813e-01 3.367046445143354383e+00 5.532169960354393901e-01 3.783767678739034107e-02 -1.567086155904320599e-01 -5.672395960753566335e+00 -4.020325742975930372e-01 -9.418203927764032812e-01 -7.402481671549933084e-01 -1.755760203400964293e-04 2.047334602015780033e-05 8.021658379607411347e-04 -6.342309740372730972e-04 -6.570971117145703614e-04 2.519618560635785137e-03
-5.286093184081098626e-04 -6.340448601450982165e-04 -2.255527292846216565e-05 -1.719096682879257612e-05 1.026229464866253025e-04 2.106543311105454896e-02 -3.420511588173311135e-02 -8.200954999618316607e-05 -2.335958150042910874e-05 -1.612710148925796229e-04 -2.417250892592131805e-05 6.587982771669906867e-01 1.069265150486483837e-02 1.538754255051503206e-01 -1.997733695313980429e-01 5.532169960354393901e-01 3.182585528102950700e+00 2.698465704398551601e+00 2.698190375279272413e+00 6.248097115076714836e+00 -1.173528805180752865e+00 -4.605995096303878156e-01 -1.301188542522975222e+00 -1.173632567271288212e-04 -1.324888227745800277e-03 1.366203794003226961e-03 -3.959660483823356641e-04 3.031244332276737154e-03 -3.701495501108379685e-04
-6.445829725030023790e-04 -3.087209215411437541e-04 -1.551857160501238974e-05 -7.545283040289299749e-06 -7.713502294253640615e-06 2.297129703580395865e-02 -3.261079797758473925e-02 2.911755754893349581e-06 -9.643783584330988771e-05 1.966068523763424831e-06 4.361211042492020248e-04 -5.423662404240641166e+00 1.105919241455325247e-01 2.655819059308924146e+00 -2.112272210866940281e+00 3.783767678739033413e-02 2.698465704398551601e+00 1.074041259847464147e+01 1.898123110768168686e+01 -1.127143377826504889e+01 3.185067439893573660e+00 4.740325782353669304e+00 4.885669518049088111e+00 -1.797528179421011962e-03 1.801773720131577257e-04 -4.876816342384176529e-03 2.397779213268053664e-04 -2.627028041716567485e-04 2.204130518889424462e-02
1.325207167646602884e-03 2.071228263810871197e-03 1.122420048740923275e-05 2.056885559174182390e-05 -4.096194376188337584e-04 6.427833779388308910e-02 -1.042829656981694164e-01 8.976618497646790974e-04 3.342198803083528172e-04 5.147869678361509718e-05 9.865585406863407614e-04 -3.246973902667421896e+01 1.339420083312866383e-01 3.204278331172300653e+00 -2.179082969184242380e+00 -1.567086155904321154e-01 2.698190375279272413e+00 1.898123110768168686e+01 5.280870836845259930e+01 -2.265714760791842863e+01 3.059847325770021165e+00 7.058689342923402776e+00 3.161802553340449506e+01 -3.976492572161064928e-03 1.989499108350199948e-03 -1.307180175243173072e-02 3.830992650965095708e-03 -2.390516910211808784e-03 2.780193255790284340e-02
-1.451682614789187933e-02 -2.576182757819181837e-02 -1.579595434091913934e-04 -4.528081532380536672e-04 1.917930614118832809e-03 6.099051043607237738e-02 -3.309435156926544552e-01 -1.055536615732363334e-02 3.329140051860259540e-03 3.751398349415002980e-03 4.876882689149981357e-04 3.493335049324867470e+01 -4.159254707745247970e-01 -2.902073546970498086e+01 1.310575988431066996e+01 -5.672395960753566335e+00 6.248097115076715724e+00 -1.127143377826504889e+01 -2.265714760791842508e+01 7.609565408104688231e+02 7.066832032498025740e+01 -4.603926761010271917e+01 -5.659196224279511256e+01 1.914495165747492770e-03 -1.155193899140088271e-02 7.444090121373879258e-03 -2.200995407741238030e-02 1.959190350758570343e-02 9.324973046635108564e-02
-6.371009570232481420e-03 -7.034290184250903931e-03 -1.239004734924807613e-05 -2.144303146302122020e-04 9.353159736048404513e-04 -9.571140403357762672e-02 4.056401626258623327e-01 -4.940463290917652787e-03 7.401861995922232734e-04 3.659707719892595133e-05 1.543092858646733932e-04 2.835448008130001973e+00 9.258618498507553696e-01 -3.311930992057850354e+00 -4.928442635636928415e+00 -4.020325742975930372e-01 -1.173528805180752865e+00 3.185067439893573660e+00 3.059847325770021165e+00 7.066832032498025740e+01 6.197957282603104545e+01 4.054773247625504240e+01 1.422155328970462307e+01 -4.610118837236532562e-03 -1.262788102733243501e-03 4.798826423291198059e-03 -5.989322146890195368e-04 -4.555956415338496129e-03 6.492322580531408038e-02
-1.308988989039981286e-03 1.842780769972450191e-03 9.090743906324941020e-05 -2.594398988138336981e-05 4.940133654220432529e-05 -6.533013953557879894e-02 1.424832467229457389e-01 -1.799148952614199092e-03 4.096375667254233935e-04 4.064640474381746348e-04 -2.773437187442563223e-04 -1.154157176482378411e+01 1.727592557652616101e+00 7.192029410117338095e+00 -1.130434903089815890e+01 -9.418203927764032812e-01 -4.605995096303877046e-01 4.740325782353669304e+00 7.058689342923402776e+00 -4.603926761010271917e+01 4.054773247625504240e+01 8.417986869067421196e+01 5.022956666933592373e+01 -3.217439114246185318e-03 1.013246259748022985e-03 4.828823429452936203e-03 2.210176901277901597e-03 -3.625202454040624220e-03 4.578683776176054737e-02
1.706586695193694232e-03 5.712151640368614419e-03 1.310539290007783030e-04 5.197352328552192749e-05 -4.999336379911524606e-04 -4.197613150593678538e-02 9.662899622621799745e-02 -2.217756719765496100e-04 4.441906193725052299e-04 2.856675868211003126e-04 -1.172704806829813354e-03 -5.234634451896091178e+01 6.385810450992128740e-01 4.698440253085660601e+00 -8.196351721889588049e+00 -7.402481671549934195e-01 -1.301188542522975444e+00 4.885669518049088111e+00 3.161802553340449506e+01 -5.659196224279511256e+01 1.422155328970462307e+01 5.022956666933592373e+01 9.801704074900845853e+01 -3.082924870382246652e-03 3.448508917459520116e-03 3.707161348582624079e-04 9.552508168087012544e-03 -4.881023198085478534e-03 2.082668367059540421e-02
-3.983637723369466462e-06 -9.783288248959178874e-08 4.422933803490197314e-08 4.525996193289150271e-08 -3.142415253079350824e-07 -4.253822200665615186e-04 1.368647868600726680e-03 -2.366932808361579044e-06 1.080664313990220127e-07 1.966100527166637125e-07 -4.915159679289136816e-08 -1.107803731392716714e-05 1.681648039814932218e-04 -1.311789114362669562e-03 1.950907535326661026e-03 -1.755760203400964835e-04 -1.173632567271287128e-04 -1.797528179421011311e-03 -3.976492572161066663e-03 1.914495165747494071e-03 -4.610118837236531694e-03 -3.217439114246183583e-03 -3.082924870382247086e-03 1.499308980300342615e-03 2.873182967175903877e-04 1.258651486220616403e-04 -3.938971849978339327e-04 -1.336468418966074831e-04 -1.955542419553095662e-04
4.927741394195590363e-06 1.502709722978094711e-06 -2.284726888433553323e-07 1.508774648042585881e-08 -7.743745940572771160e-07 3.724587302223610302e-04 -8.996057813335614798e-04 2.986071055541662977e-06 1.786749494339363326e-07 4.443266071428820002e-07 -8.771839774470448760e-08 -4.046834069900315592e-03 1.242396598509929112e-04 2.476251986042733960e-04 5.284552164874089944e-04 2.047334602015775290e-05 -1.324888227745800494e-03 1.801773720131580239e-04 1.989499108350200381e-03 -1.155193899140088097e-02 -1.262788102733243718e-03 1.013246259748023419e-03 3.448508917459519683e-03 2.873182967175903877e-04 8.789714370216534416e-04 1.109636244614556366e-04 7.335456286430507532e-04 4.339435765390635359e-05 -6.617955640069022325e-04
-1.462016590612636461e-06 -1.325254289243378327e-06 -6.075934139093791738e-07 -2.873673124111816111e-07 -2.790420901347482251e-07 -7.321725738003258396e-04 1.604068087401548832e-03 -1.594605912625367605e-06 2.034046889224728505e-06 -2.640004076365461886e-07 -5.170276607576906384e-08 8.535051195291938966e-03 -1.231783586445237932e-04 -2.031442407208938934e-03 -3.903187602438261297e-04 8.021658379607409179e-04 1.366203794003226528e-03 -4.876816342384176529e-03 -1.307180175243173072e-02 7.444090121373879258e-03 4.798826423291196325e-03 4.828823429452937070e-03 3.707161348582607816e-04 1.258651486220616132e-04 1.109636244614556366e-04 7.302412814155300781e-03 -2.274519696159760663e-04 7.725600265076394430e-04 4.552150349240700195e-03
-2.008604957367612043e-07 -3.322312611737451075e-06 -4.569025262467000131e-07 -3.425867898759693907e-07 8.799131521101946401e-07 5.116213564187599297e-04 -1.769476922987596804e-03 1.356764874786127605e-06 -1.254087081513749862e-06 2.120319337931570436e-07 -6.007755986762562059e-07 -5.986697014733945860e-03 1.709231972666199734e-05 7.003653907613347418e-04 2.692705418152657997e-03 -6.342309740372733141e-04 -3.959660483823358268e-04 2.397779213268056645e-04 3.830992650965095708e-03 -2.200995407741236989e-02 -5.989322146890187779e-04 2.210176901277901597e-03 9.552508168087012544e-03 -3.938971849978339327e-04 7.335456286430507532e-04 -2.274519696159760121e-04 2.891404405024698004e-03 6.289895009005647781e-04 -8.042268289269786062e-04
-2.384786948970174874e-05 -1.125899291434241691e-05 -6.286628551202649666e-07 -7.011089052071410150e-07 2.625890668962217310e-06 -2.592483670437632304e-04 8.147664785007928878e-04 -1.512811113242853280e-05 2.518062677326230829e-07 2.305526735180907378e-07 2.126084707253107968e-07 6.368678047358732400e-03 -1.459829523123085864e-04 -1.090249305823385662e-03 -2.728075970984951784e-04 -6.570971117145704699e-04 3.031244332276737154e-03 -2.627028041716571822e-04 -2.390516910211808784e-03 1.959190350758569302e-02 -4.555956415338496129e-03 -3.625202454040622486e-03 -4.881023198085480269e-03 -1.336468418966074831e-04 4.339435765390635359e-05 7.725600265076395514e-04 6.289895009005648865e-04 6.511890891364189270e-03 8.135395250102969711e-03
-9.617265382666820815e-05 -3.537306541247077718e-05 -4.047729343724968347e-06 -2.885929148092612506e-06 1.245791461662476584e-05 1.297031662347589024e-03 2.902331746710516084e-03 -6.314736666487570475e-05 5.128131740025130218e-06 3.657958632013369814e-06 1.774113946807094778e-06 2.055683838360022886e-02 -2.119866410407578020e-04 4.249249330241764572e-03 -1.837578294556019981e-02 2.519618560635784703e-03 -3.701495501108373722e-04 2.204130518889424462e-02 2.780193255790284340e-02 9.324973046635105789e-02 6.492322580531406651e-02 4.578683776176055431e-02 2.082668367059540421e-02 -1.955542419553095933e-04 -6.617955640069022325e-04 4.552150349240700195e-03 -8.042268289269784978e-04 8.135395250102969711e-03 7.001096851463989301e-02
