# logA ns theta_MC_100 ombh2 omch2 w wa tau A_act P_act
1.270522821411599387e-04 -2.209155504411318471e-07 -1.286800981851732571e-07 5.273998443493991329e-09 2.875072050317308548e-06 -1.115456325581290763e-04 5.258197649038407482e-04 5.588110115332316045e-05 4.808473547418440701e-06 -1.676015619464261444e-06
-2.209155504411318471e-07 1.861198237622585316e-05 3.273741416472090199e-07 4.559062612599993705e-08 -4.596209928983391432e-06 8.066038759701469522e-05 -2.068382304354002678e-04 4.817187006621323122e-06 3.296123978682146160e-06 6.239112858503053886e-07
-1.286800981851732571e-07 3.273741416472090199e-07 8.753632824963235797e-08 3.239999895945002592e-09 -1.734907102818395542e-07 2.885138748626037469e-06 -5.497531444427287059e-06 1.369748295348714573e-07 -4.176657465110528233e-08 1.096872993624977230e-07
5.273998443493991329e-09 4.559062612599993705e-08 3.239999895945002592e-09 1.434786891456665892e-08 -4.435689452095138563e-08 8.241511387400750035e-07 -2.460942433009629173e-06 6.686539858935951408e-08 -1.982037396761876248e-08 -4.513358325091051015e-08
2.875072050317308548e-06 -4.596209928983391432e-06 -1.734907102818395542e-07 -4.435689452095138563e-08 2.949078833892029074e-06 -4.771045945105335670e-05 1.162879730411581658e-04 -2.581330826955977450e-06 7.061328344932777837e-07 -8.705722901509989107e-07
-1.115456325581290763e-04 8.066038759701469522e-05 2.885138748626037469e-06 8.241511387400750035e-07 -4.771045945105335670e-05 1.111544546453572049e-02 -5.190374077288589100e-02 1.180247300780579694e-05 -1.117733914208293852e-05 1.248710625689942711e-05
5.258197649038407482e-04 -2.068382304354002407e-04 -5.497531444427287906e-06 -2.460942433009628750e-06 1.162879730411581658e-04 -5.190374077288589794e-02 2.660082055622817743e-01 8.876842621502920006e-05 3.328263228591942012e-05 -3.130064744899044575e-05
5.588110115332316045e-05 4.817187006621322275e-06 1.369748295348714308e-07 6.686539858935951408e-08 -2.581330826955977450e-06 1.180247300780579525e-05 8.876842621502921361e-05 3.171081682518522838e-05 -5.953167769965910313e-07 1.530663925835246451e-07
4.808473547418440701e-06 3.296123978682146160e-06 -4.176657465110528233e-08 -1.982037396761876248e-08 7.061328344932777837e-07 -1.117733914208294021e-05 3.328263228591942690e-05 -5.953167769965910313e-07 4.864454821841132606e-06 -1.222921498284469056e-06
-1.676015619464261444e-06 6.239112858503053886e-07 1.096872993624977230e-07 -4.513358325091051015e-08 -8.705722901509989107e-07 1.248710625689942711e-05 -3.130064744899043220e-05 1.530663925835246186e-07 -1.222921498284469056e-06 7.065651274178301308e-06
