# logA ns theta_MC_100 ombh2 omch2 w wa tau A_planck calib_100T calib_217T A_cib_217 xi_sz_cib A_sz ksz_norm gal545_A_100 gal545_A_143 gal545_A_143_217 gal545_A_217 ps_A_100_100 ps_A_143_143 ps_A_143_217 ps_A_217_217 galf_TE_A_100 galf_TE_A_100_143 galf_TE_A_100_217 galf_TE_A_143 galf_TE_A_143_217 galf_TE_A_217
1.880886225304736147e-04 1.593665373353055689e-05 7.357922980685437301e-07 5.681687043727698781e-07 -5.970148750995041624e-06 4.727325736149930288e-04 1.255189879241335859e-03 9.755962220583520004e-05 2.754001745711144822e-06 1.993779638768069744e-08 -1.303010939110221470e-07 -3.422185916043600246e-03 1.098248288526156626e-04 9.672593703131307898e-04 -1.667396448512795289e-03 -3.097457874085743747e-04 -2.393123877675168421e-04 -3.791117391313949874e-04 7.946550240591586508e-04 -1.559760788305365568e-02 -7.279073047922301164e-03 -3.899785581947571526e-04 2.344675656775174668e-03 -1.553602488973792236e-06 -7.590271673686300861e-06 2.766114535119250945e-05 -2.175162207213370908e-05 -1.072991721398550509e-05 -1.220415688736927194e-04
1.593665373353055689e-05 1.753846061791635461e-05 4.224251596588492455e-07 2.699817748682244568e-07 -3.555427447945229918e-06 8.918249851159235867e-05 -4.849247643985284367e-04 1.114553034456779606e-05 1.655785006779312155e-06 -4.044398733442992952e-08 -6.716376272676872322e-08 -4.382445475282522110e-03 1.363110402314881610e-04 8.691989276379730091e-04 -2.383269904201019973e-03 2.531279606700638073e-04 -4.186381359640536405e-04 -3.678686179278923760e-04 1.379868882299425167e-03 -2.248250142424454423e-02 -5.913773194276328304e-03 2.277499931128784422e-03 5.202123216027985768e-03 1.177239310720137125e-07 -2.619569790077715779e-07 -1.387762248355375779e-06 -5.465565465324930526e-06 -9.149904275973842036e-06 -4.668877498743066555e-05
7.357922980685437301e-07 4.224251596588492455e-07 9.529465738873503154e-08 1.556597165802975682e-08 -1.225508815679468029e-07 3.957047733170097572e-06 -1.895637476525206106e-05 3.934648736678709990e-07 7.377074100541811849e-08 -1.248844598233329795e-09 -2.494274248882291761e-10 -1.515497735031054510e-05 9.253338187988871918e-07 3.939365204961427622e-06 -1.231622221911964187e-05 -8.678318045750724996e-06 -6.597274320525825713e-06 -9.593574846437826625e-06 1.013194605910911461e-05 -4.044394401554942547e-05 -4.996796716980089656e-05 -9.078651420369313524e-06 -3.363256936090322204e-06 -9.520112174492710467e-08 -1.223161009293266850e-07 4.846217803349146232e-08 -1.343164437302231751e-07 -7.052234802377037911e-07 -3.745977065984675726e-06
5.681687043727698781e-07 2.699817748682244568e-07 1.556597165802975682e-08 2.171427420560353965e-08 -1.008350779736550727e-07 1.226969681002323718e-06 -1.531806682680185186e-05 3.214604634098802556e-07 4.094904158377291830e-08 2.339940027147887469e-09 -7.630238854880821136e-10 -9.555639730897436698e-05 2.209923431943654191e-06 1.695897608257623823e-05 -3.628264534636974309e-05 -2.360622647307851575e-06 -9.029857310910663839e-06 -9.503411562107785522e-06 2.983932899294585209e-05 -3.917393571076504145e-04 -2.084960251782509407e-04 -5.536141898282747784e-05 3.208821849615680428e-05 -8.665511839129311217e-08 -6.466704590826131652e-08 -1.694181847390442084e-07 -2.675497819218866086e-07 -5.688082719169239625e-07 -3.087188095280929459e-06
-5.970148750995041624e-06 -3.555427447945229918e-06 -1.225508815679468029e-07 -1.008350779736550727e-07 1.461924791788622157e-06 -3.330477040007835839e-05 2.093802841480914539e-04 -3.946900493752392527e-06 -7.243580639425372062e-07 -2.141768520033139090e-09 9.976232607968804069e-09 3.630583877173531562e-04 -1.687481016976968585e-05 -5.104664696978072609e-05 1.671320283117410928e-04 2.402275983813203125e-05 3.049833988178071790e-05 5.570175688284896516e-05 -1.583346454617913209e-04 1.237966027315220898e-03 7.029292718892314303e-04 6.619160417718534964e-05 -2.796851313328732906e-04 4.603231828038598207e-07 6.925423411975209906e-07 -4.584530009668533371e-07 2.353550161883579616e-06 3.726402214944115417e-06 1.666038738430370510e-05
4.727325736149930288e-04 8.918249851159235867e-05 3.957047733170097572e-06 1.226969681002323930e-06 -3.330477040007835839e-05 2.427004341354700445e-01 -4.571266801049014838e-01 2.203620829047921235e-04 5.379859126385590516e-05 -2.746862368662185988e-06 1.153521867977310921e-06 -2.475082160534850320e-02 -2.478404383741255809e-03 6.120520115766834874e-04 -8.529797321801205895e-03 -1.285869644630791529e-02 2.576124604833604156e-02 1.382945920193198730e-02 4.915017429303146501e-02 9.503375799704295857e-02 -6.149451468523219749e-02 -6.171205888461286926e-02 4.743514956295836332e-02 -4.019058719797112777e-05 2.353600811190741820e-04 8.304045870067645939e-05 1.059681465121216072e-04 -1.145468729465026650e-04 -8.739586484824813468e-04
1.255189879241335859e-03 -4.849247643985284909e-04 -1.895637476525206106e-05 -1.531806682680185186e-05 2.093802841480914539e-04 -4.571266801049014838e-01 1.601847066029647992e+00 1.772151387906251412e-04 1.832747521648959402e-04 9.655481924990272358e-06 -1.019139159824807199e-06 1.327051262308090729e-01 3.678428438892251181e-03 2.742721924590059077e-02 -2.446325223616745148e-02 2.305826483880504124e-02 -5.571147511322484952e-02 1.042075463850239934e-02 -3.784884164068109957e-02 -2.578021656860869371e-01 3.190564797161840604e-01 3.517689402837976820e-01 7.873647253224817788e-02 1.675123590607497249e-04 -4.050964644191439555e-04 4.739358062678282533e-04 -2.883691374293179967e-04 8.729532982426078990e-04 1.745678148702255227e-03
9.755962220583520004e-05 1.114553034456779606e-05 3.934648736678709990e-07 3.214604634098802556e-07 -3.946900493752392527e-06 2.203620829047921235e-04 1.772151387906251412e-04 5.638417721588352281e-05 -2.719005481374373751e-06 -4.612536757209402556e-08 -6.485408922412119702e-08 -2.280906635378459127e-03 6.688406838175154701e-05 5.519530417782850338e-04 -7.198981444529553055e-04 -3.848354873744782564e-05 4.464134944854443682e-05 -3.735426966986108262e-05 9.412552076221732242e-05 -1.141613370069347565e-02 -4.890031756871683795e-03 -9.952483183704502381e-04 -2.706926948651629705e-04 -1.566659797302623411e-06 -3.822943136558789382e-06 1.540036537294275543e-05 -1.056896689280147159e-05 -5.777776852088753245e-06 -7.467759712222521765e-05
2.754001745711144822e-06 1.655785006779312155e-06 7.377074100541811849e-08 4.094904158377291830e-08 -7.243580639425372062e-07 5.379859126385590516e-05 1.832747521648959402e-04 -2.719005481374373751e-06 5.066465455033279344e-06 -5.956600876527909046e-09 -1.109326101863175456e-08 9.125074585165109022e-04 -1.157605743348288678e-05 1.615168941369234812e-05 3.123844399466368834e-05 1.301405638564689867e-05 9.079844991200064735e-05 2.969872362013265517e-05 5.369610644915512841e-04 4.309916956158362997e-03 4.490977562280487416e-04 6.266961946077887510e-05 4.679902258730617333e-04 6.875138690193403025e-07 -3.103313136720752200e-07 -7.449221784146318545e-08 -2.330632957203710350e-06 -3.171376329173757623e-06 -1.875704155108796543e-06
1.993779638768069744e-08 -4.044398733442992952e-08 -1.248844598233329795e-09 2.339940027147887469e-09 -2.141768520033139090e-09 -2.746862368662185141e-06 9.655481924990270664e-06 -4.612536757209403218e-08 -5.956600876527909046e-09 3.701664309719524189e-07 6.600509937442056173e-10 -2.305516337409427622e-04 6.116229746992198407e-06 1.286340370366636685e-04 -1.027356653977493084e-04 1.766587020532861671e-04 -1.697358927262196491e-04 1.286452117320188424e-05 1.261292000717239973e-04 3.349223529139447667e-03 8.494352192805427267e-05 5.103830368417138115e-04 5.002867630300256250e-04 -9.129834460479501580e-08 1.850870763479799078e-07 1.284268480088404978e-06 -1.167983560000709844e-07 -4.702241327067463892e-07 1.045356605021231097e-06
-1.303010939110221470e-07 -6.716376272676872322e-08 -2.494274248882291761e-10 -7.630238854880821136e-10 9.976232607968804069e-09 1.153521867977310709e-06 -1.019139159824811646e-06 -6.485408922412119702e-08 -1.109326101863175456e-08 6.600509937442056173e-10 3.859583336097378692e-07 7.991352437178805921e-04 -3.789554973141286508e-06 -2.217971102734691324e-05 -1.879125811984711447e-05 4.260308521302991619e-07 -5.290249240060420721e-05 3.754670773115285323e-04 8.207149532014002468e-04 4.887824744348854720e-04 1.000168310709529811e-04 -3.660014384049081553e-04 -1.414405735604361584e-03 6.013259115555756455e-09 8.127254180090292927e-08 -2.807183179814267925e-08 3.897517208959766136e-08 -1.681461577121778271e-07 1.904356595998991846e-06
-3.422185916043600680e-03 -4.382445475282522110e-03 -1.515497735031053833e-05 -9.555639730897436698e-05 3.630583877173531562e-04 -2.475082160534849973e-02 1.327051262308091006e-01 -2.280906635378459127e-03 9.125074585165109022e-04 -2.305516337409427622e-04 7.991352437178805921e-04 4.373044632655275166e+01 -3.889468807889068791e-01 -6.202649544185111496e-01 -4.395020396129998841e-01 6.936404028948339739e-02 3.178966684851261548e-01 -5.718881871927822935e+00 -3.247070116637499382e+01 3.347407032509324409e+01 1.931579279678991234e+00 -1.232604769468946948e+01 -5.352217077689225277e+01 1.057620615244939197e-03 1.027563579456694650e-03 6.510504663262883275e-03 2.690982207926017299e-03 4.041379877198128913e-04 1.172078750867507936e-02
1.098248288526156762e-04 1.363110402314881881e-04 9.253338187988871918e-07 2.209923431943654191e-06 -1.687481016976968585e-05 -2.478404383741256243e-03 3.678428438892251181e-03 6.688406838175154701e-05 -1.157605743348288339e-05 6.116229746992199254e-06 -3.789554973141288202e-06 -3.889468807889068791e-01 8.140055931099415831e-02 -5.284233553107259285e-02 5.266383507984567086e-02 -7.401222565446383128e-03 3.134663223555580937e-03 9.247955525722216519e-02 1.086986354335526955e-01 -4.971034939974725564e-01 9.181078213419217038e-01 1.662968193331552991e+00 6.131192088487763536e-01 6.389424513336953071e-05 7.539258852535796315e-05 -2.408747983632672312e-04 -2.203525154570737464e-05 -7.252712415945250003e-05 1.618414605830383404e-04
9.672593703131307898e-04 8.691989276379731176e-04 3.939365204961429316e-06 1.695897608257623823e-05 -5.104664696978071932e-05 6.120520115766855474e-04 2.742721924590058730e-02 5.519530417782850338e-04 1.615168941369234812e-05 1.286340370366636143e-04 -2.217971102734690646e-05 -6.202649544185112607e-01 -5.284233553107259285e-02 3.799831536254768327e+00 -2.650926599149747265e+00 -1.812362456321300330e-01 1.528595722060174800e-01 2.643126620233655188e+00 3.247238193796142092e+00 -2.976167603693805219e+01 -3.447450504091308154e+00 7.145028110472197547e+00 4.874420099012702678e+00 -6.052984424362848649e-04 2.957458504602997131e-05 1.617786800640000225e-03 -6.730586758167674899e-04 3.949757039603296908e-04 -1.723745279486405208e-03
-1.667396448512795072e-03 -2.383269904201020407e-03 -1.231622221911964525e-05 -3.628264534636974309e-05 1.671320283117411199e-04 -8.529797321801200691e-03 -2.446325223616745495e-02 -7.198981444529553055e-04 3.123844399466369512e-05 -1.027356653977493084e-04 -1.879125811984711108e-05 -4.395020396129998841e-01 5.266383507984567086e-02 -2.650926599149747265e+00 5.763206187311929796e+00 1.144721335218401581e-01 -1.420812937415364685e-01 -2.091021106404942209e+00 -2.197828555857900046e+00 1.306390242189867834e+01 -4.824310488252625539e+00 -1.128106100674187218e+01 -8.674185115133075996e+00 6.611618920088195182e-04 -3.618806347836728081e-04 1.582079796332738807e-03 -5.593071114860955189e-04 6.851117431350741685e-04 -5.308897782406750421e-03
-3.097457874085743747e-04 2.531279606700638073e-04 -8.678318045750724996e-06 -2.360622647307851575e-06 2.402275983813203464e-05 -1.285869644630791703e-02 2.305826483880504124e-02 -3.848354873744782564e-05 1.301405638564689020e-05 1.766587020532861671e-04 4.260308521303004853e-07 6.936404028948343903e-02 -7.401222565446382261e-03 -1.812362456321300053e-01 1.144721335218401581e-01 3.338037052512149661e+00 5.433089438828280215e-01 1.649042473975856904e-01 1.684061811263088682e-01 -6.874264143724324150e+00 -5.517523829574270122e-01 -8.569515456060321501e-01 -6.164820260369674454e-01 -7.061089861464701434e-04 -2.130924263256619598e-04 -2.228101308454587520e-03 -4.579634037469231347e-04 -4.986613986591348802e-06 -2.961233157652814595e-03
-2.393123877675168963e-04 -4.186381359640535863e-04 -6.597274320525825713e-06 -9.029857310910662145e-06 3.049833988178072468e-05 2.576124604833604156e-02 -5.571147511322486340e-02 4.464134944854445037e-05 9.079844991200063380e-05 -1.697358927262196491e-04 -5.290249240060422077e-05 3.178966684851261548e-01 3.134663223555580070e-03 1.528595722060174800e-01 -1.420812937415364685e-01 5.433089438828280215e-01 3.144974779156335831e+00 2.679033278089605119e+00 2.813129404061803562e+00 5.611386933627705353e+00 -1.439957616865611856e+00 -8.701014321513981242e-01 -9.768770079642697945e-01 1.354518407328575251e-03 -6.456455236036012888e-05 -1.336106383493760284e-03 1.287117734509893611e-03 4.811788734098273519e-05 -3.795130603140912506e-03
-3.791117391313950959e-04 -3.678686179278923218e-04 -9.593574846437824931e-06 -9.503411562107785522e-06 5.570175688284897871e-05 1.382945920193198903e-02 1.042075463850240108e-02 -3.735426966986103519e-05 2.969872362013265517e-05 1.286452117320188593e-05 3.754670773115285323e-04 -5.718881871927822935e+00 9.247955525722216519e-02 2.643126620233655188e+00 -2.091021106404942209e+00 1.649042473975856904e-01 2.679033278089605119e+00 1.064689199916282014e+01 1.895989228576997476e+01 -1.256049988490859093e+01 3.023221764415439328e+00 4.570966547467147478e+00 5.446493516733712958e+00 1.137118566285059756e-03 8.546423941907851235e-04 -2.116333892331061228e-03 -1.644231840075247877e-04 2.422008104953559816e-05 7.576431483491967607e-03
7.946550240591586508e-04 1.379868882299425167e-03 1.013194605910911800e-05 2.983932899294585209e-05 -1.583346454617913209e-04 4.915017429303145807e-02 -3.784884164068109957e-02 9.412552076221717334e-05 5.369610644915512841e-04 1.261292000717239973e-04 8.207149532014002468e-04 -3.247070116637499382e+01 1.086986354335527094e-01 3.247238193796142092e+00 -2.197828555857900046e+00 1.684061811263088959e-01 2.813129404061803118e+00 1.895989228576997476e+01 5.235755448100508858e+01 -2.350047859618869595e+01 3.271903336027046638e+00 7.239865411380259630e+00 3.234942228628722205e+01 1.296518595279355082e-03 5.722568297978100453e-04 -6.560831000100456577e-03 -2.374134171296826950e-03 -3.011089311111860012e-03 1.009682959963954622e-02
-1.559760788305365221e-02 -2.248250142424454423e-02 -4.044394401554942547e-05 -3.917393571076504145e-04 1.237966027315220898e-03 9.503375799704300020e-02 -2.578021656860871591e-01 -1.141613370069347565e-02 4.309916956158362997e-03 3.349223529139447667e-03 4.887824744348854720e-04 3.347407032509324409e+01 -4.971034939974724454e-01 -2.976167603693805219e+01 1.306390242189867834e+01 -6.874264143724324150e+00 5.611386933627705353e+00 -1.256049988490859093e+01 -2.350047859618869595e+01 7.698934394263937975e+02 6.983679036089030490e+01 -4.985353408421141808e+01 -5.426493975733868069e+01 1.573461688989226046e-02 -2.071895445968467264e-03 2.139298872258529188e-02 -1.084397339382297404e-03 -1.427320833799176729e-02 1.291403803665390759e-01
-7.279073047922301164e-03 -5.913773194276328304e-03 -4.996796716980090333e-05 -2.084960251782509407e-04 7.029292718892314303e-04 -6.149451468523221137e-02 3.190564797161840604e-01 -4.890031756871683795e-03 4.490977562280487416e-04 8.494352192805427267e-05 1.000168310709529811e-04 1.931579279678991234e+00 9.181078213419217038e-01 -3.447450504091308154e+00 -4.824310488252625539e+00 -5.517523829574269012e-01 -1.439957616865611856e+00 3.023221764415439328e+00 3.271903336027046638e+00 6.983679036089030490e+01 6.106351937485769810e+01 3.964585874312328428e+01 1.489084413311047506e+01 -1.504250589168030713e-03 1.050511731427217254e-03 -2.901409286965249933e-03 4.049681269445568575e-03 6.285344964783812736e-03 5.858431311843964595e-02
-3.899785581947569357e-04 2.277499931128784422e-03 -9.078651420369313524e-06 -5.536141898282747784e-05 6.619160417718534964e-05 -6.171205888461289701e-02 3.517689402837976265e-01 -9.952483183704500212e-04 6.266961946077887510e-05 5.103830368417138115e-04 -3.660014384049081553e-04 -1.232604769468946948e+01 1.662968193331552991e+00 7.145028110472197547e+00 -1.128106100674187218e+01 -8.569515456060321501e-01 -8.701014321513981242e-01 4.570966547467148366e+00 7.239865411380259630e+00 -4.985353408421141808e+01 3.964585874312328428e+01 8.267083217488844582e+01 5.090625042251155463e+01 -2.506349375254308259e-03 1.647552470876767743e-03 -1.624582409247025006e-03 2.762279836415976707e-03 1.700514233955900201e-03 3.800462100869111265e-02
2.344675656775174668e-03 5.202123216027985768e-03 -3.363256936090323899e-06 3.208821849615680428e-05 -2.796851313328732906e-04 4.743514956295834251e-02 7.873647253224816400e-02 -2.706926948651631332e-04 4.679902258730617333e-04 5.002867630300256250e-04 -1.414405735604361584e-03 -5.352217077689225277e+01 6.131192088487763536e-01 4.874420099012702678e+00 -8.674185115133075996e+00 -6.164820260369674454e-01 -9.768770079642697945e-01 5.446493516733712958e+00 3.234942228628722916e+01 -5.426493975733868069e+01 1.489084413311047506e+01 5.090625042251155463e+01 1.003264492754947383e+02 -2.566158371674558993e-03 -9.224586575489291751e-04 -6.103756720047106253e-03 -2.420121602237921058e-04 3.310377633966991515e-03 1.587696828932371254e-02
-1.553602488973791812e-06 1.177239310720137655e-07 -9.520112174492710467e-08 -8.665511839129311217e-08 4.603231828038597148e-07 -4.019058719797110745e-05 1.675123590607496707e-04 -1.566659797302622564e-06 6.875138690193400908e-07 -9.129834460479505550e-08 6.013259115555816012e-09 1.057620615244940065e-03 6.389424513336957137e-05 -6.052984424362850818e-04 6.611618920088196266e-04 -7.061089861464701434e-04 1.354518407328575468e-03 1.137118566285059539e-03 1.296518595279354431e-03 1.573461688989226046e-02 -1.504250589168030930e-03 -2.506349375254308259e-03 -2.566158371674557691e-03 1.452553909438354142e-03 2.610903557440902279e-04 1.286838908854159359e-04 -3.712521055631570950e-04 -1.355123108007882222e-04 -2.273433659210083598e-04
-7.590271673686300014e-06 -2.619569790077715779e-07 -1.223161009293266586e-07 -6.466704590826131652e-08 6.925423411975209906e-07 2.353600811190742362e-04 -4.050964644191439555e-04 -3.822943136558788535e-06 -3.103313136720751141e-07 1.850870763479798813e-07 8.127254180090291603e-08 1.027563579456694650e-03 7.539258852535796315e-05 2.957458504602997131e-05 -3.618806347836729166e-04 -2.130924263256619869e-04 -6.456455236036019664e-05 8.546423941907852319e-04 5.722568297978102621e-04 -2.071895445968466396e-03 1.050511731427217687e-03 1.647552470876766442e-03 -9.224586575489295004e-04 2.610903557440902279e-04 8.603925673656638616e-04 4.915536220576236475e-05 7.335932729484673709e-04 3.735251276096920723e-05 -7.821564266979016185e-04
2.766114535119250945e-05 -1.387762248355375355e-06 4.846217803349148217e-08 -1.694181847390442349e-07 -4.584530009668535488e-07 8.304045870067636452e-05 4.739358062678283618e-04 1.540036537294275205e-05 -7.449221784146337074e-08 1.284268480088404978e-06 -2.807183179814267925e-08 6.510504663262881540e-03 -2.408747983632672854e-04 1.617786800640000008e-03 1.582079796332738373e-03 -2.228101308454587520e-03 -1.336106383493759851e-03 -2.116333892331061662e-03 -6.560831000100455709e-03 2.139298872258529188e-02 -2.901409286965250366e-03 -1.624582409247024573e-03 -6.103756720047104518e-03 1.286838908854159359e-04 4.915536220576236475e-05 7.301302841062872091e-03 -3.052973042135630330e-04 6.056958139660839407e-04 4.359942216487457632e-03
-2.175162207213370908e-05 -5.465565465324930526e-06 -1.343164437302232281e-07 -2.675497819218866086e-07 2.353550161883579616e-06 1.059681465121216614e-04 -2.883691374293177257e-04 -1.056896689280147159e-05 -2.330632957203709927e-06 -1.167983560000708917e-07 3.897517208959765475e-08 2.690982207926016865e-03 -2.203525154570739835e-05 -6.730586758167671647e-04 -5.593071114860948684e-04 -4.579634037469230263e-04 1.287117734509893177e-03 -1.644231840075251942e-04 -2.374134171296826516e-03 -1.084397339382294368e-03 4.049681269445568575e-03 2.762279836415975406e-03 -2.420121602237916992e-04 -3.712521055631570950e-04 7.335932729484673709e-04 -3.052973042135630330e-04 2.877049305649418548e-03 4.917987185545011613e-04 -9.327620221200881622e-04
-1.072991721398550339e-05 -9.149904275973842036e-06 -7.052234802377036852e-07 -5.688082719169239625e-07 3.726402214944115417e-06 -1.145468729465025837e-04 8.729532982426080074e-04 -5.777776852088752398e-06 -3.171376329173757623e-06 -4.702241327067463892e-07 -1.681461577121778800e-07 4.041379877198119155e-04 -7.252712415945243227e-05 3.949757039603298534e-04 6.851117431350742769e-04 -4.986613986591348802e-06 4.811788734098232183e-05 2.422008104953557445e-05 -3.011089311111861747e-03 -1.427320833799176729e-02 6.285344964783813604e-03 1.700514233955898249e-03 3.310377633966992816e-03 -1.355123108007882222e-04 3.735251276096920723e-05 6.056958139660839407e-04 4.917987185545011613e-04 6.449655452609788509e-03 7.738231578865901322e-03
-1.220415688736927601e-04 -4.668877498743066555e-05 -3.745977065984676149e-06 -3.087188095280929459e-06 1.666038738430370510e-05 -8.739586484824810216e-04 1.745678148702256528e-03 -7.467759712222521765e-05 -1.875704155108798026e-06 1.045356605021231732e-06 1.904356595998991846e-06 1.172078750867507936e-02 1.618414605830381778e-04 -1.723745279486404557e-03 -5.308897782406752155e-03 -2.961233157652814595e-03 -3.795130603140912506e-03 7.576431483491967607e-03 1.009682959963954449e-02 1.291403803665390759e-01 5.858431311843965289e-02 3.800462100869111265e-02 1.587696828932371254e-02 -2.273433659210083598e-04 -7.821564266979016185e-04 4.359942216487457632e-03 -9.327620221200879453e-04 7.738231578865901322e-03 7.116712142398712304e-02
