# logA ns theta_MC_100 ombh2 omch2 w wa tau A_act P_act
1.122291395712873743e-04 5.797901824699695645e-06 3.799963530435844179e-07 8.271463276485469579e-08 -2.229761517546922689e-06 -2.310421941688439414e-04 1.310510683256472858e-03 5.684473433194665658e-05 1.720283628598109421e-06 1.981121273512122373e-07
5.797901824699695645e-06 1.668076940107029345e-05 2.572947964718272392e-07 1.060383582605489141e-08 -3.016185411092849357e-06 7.114190511843873762e-05 -2.563415258881985388e-04 5.040947755989879972e-06 4.263266095538875427e-06 2.011927488508269992e-07
3.799963530435844179e-07 2.572947964718272392e-07 7.938028248162056872e-08 3.717705289021063472e-09 -8.296515610333844196e-08 3.795666259205320822e-06 -1.504877041288960022e-05 2.369825950540865595e-07 2.735671251619374204e-08 5.907430528878950884e-08
8.271463276485469579e-08 1.060383582605489141e-08 3.717705289021063472e-09 1.376034047833232792e-08 -1.506615357576418381e-08 1.391184866615610698e-06 -6.291168617366437450e-06 6.290997614590280604e-08 -9.607443702750420624e-09 -4.862734414539304632e-08
-2.229761517546922689e-06 -3.016185411092849357e-06 -8.296515610333844196e-08 -1.506615357576418381e-08 1.511590054519734105e-06 -5.179941245230512817e-05 2.142811615239104616e-04 -2.735742781234310900e-06 -1.640233822459519726e-07 -4.011904606262948201e-07
-2.310421941688439414e-04 7.114190511843873762e-05 3.795666259205320822e-06 1.391184866615610698e-06 -5.179941245230512817e-05 1.037230577111446748e-02 -4.783730238486553349e-02 -3.857850246925565189e-05 -2.306110013948352275e-05 1.081215700969946775e-05
1.310510683256473075e-03 -2.563415258881985388e-04 -1.504877041288960022e-05 -6.291168617366437450e-06 2.142811615239104616e-04 -4.783730238486552655e-02 2.393852902066274657e-01 3.060560382757829051e-04 1.306611490645598372e-04 -3.860588408968662540e-05
5.684473433194665658e-05 5.040947755989879972e-06 2.369825950540865595e-07 6.290997614590280604e-08 -2.735742781234310900e-06 -3.857850246925565189e-05 3.060560382757829051e-04 3.244154354729127245e-05 -7.956759325417536990e-07 3.231746640400380091e-07
1.720283628598109421e-06 4.263266095538875427e-06 2.735671251619374204e-08 -9.607443702750420624e-09 -1.640233822459519726e-07 -2.306110013948352275e-05 1.306611490645598372e-04 -7.956759325417536990e-07 4.449548465029141606e-06 -9.247673611711135702e-07
1.981121273512122373e-07 2.011927488508269992e-07 5.907430528878950884e-08 -4.862734414539304632e-08 -4.011904606262948201e-07 1.081215700969947114e-05 -3.860588408968661863e-05 3.231746640400379032e-07 -9.247673611711135702e-07 6.722388879188609887e-06
