# logA ns theta_MC_100 ombh2 omch2 mnu nnu tau A_act P_act
1.811858066162064934e-04 5.274022364860901809e-05 -1.239629637522461989e-06 1.113946184365495637e-06 1.200203953290614851e-05 2.564228460470622888e-04 1.021026881520254760e-03 6.418988447819926361e-05 8.244820649291161724e-06 6.253264761888767410e-06
5.274022364860901809e-05 5.627991040283231226e-05 -8.921007748025550913e-07 9.587337054798782603e-07 9.276248482703392800e-06 -1.116351287028634955e-04 8.925501445833693495e-04 1.136935327538506960e-05 1.363061310385049285e-06 6.746301488625834102e-06
-1.239629637522461989e-06 -8.921007748025550913e-07 1.036846700982194117e-07 -1.704981108620887903e-08 -4.208576291489361323e-07 -4.107355334008116080e-06 -2.471259540021810821e-05 -6.126832603234153884e-08 6.031599265630317489e-09 -1.420044836316399438e-07
1.113946184365495637e-06 9.587337054798782603e-07 -1.704981108620887903e-08 3.028414792415357551e-08 2.069529018468136702e-07 -2.894216570333612751e-06 1.870647021256483832e-05 2.101784651963285627e-07 9.067309079898606503e-09 9.761683024951212179e-08
1.200203953290614851e-05 9.276248482703392800e-06 -4.208576291489361323e-07 2.069529018468136702e-07 4.540561884790091581e-06 2.243157856267153919e-05 2.496976465477721940e-04 3.634961434912133226e-08 -4.842530639394962868e-07 1.431565664317929947e-06
2.564228460470622888e-04 -1.116351287028634955e-04 -4.107355334008116080e-06 -2.894216570333612751e-06 2.243157856267154258e-05 6.244987693147929265e-03 -8.873253568171546053e-04 4.596287938208932128e-05 6.176989372536932968e-05 -2.424436263831087095e-06
1.021026881520254760e-03 8.925501445833693495e-04 -2.471259540021810821e-05 1.870647021256483832e-05 2.496976465477721940e-04 -8.873253568171546053e-04 1.859018051785114520e-02 1.365827964510195845e-04 3.763911279904241996e-06 1.212143678002625992e-04
6.418988447819926361e-05 1.136935327538506960e-05 -6.126832603234153884e-08 2.101784651963285627e-07 3.634961434912133226e-08 4.596287938208931450e-05 1.365827964510195845e-04 3.354014686759197522e-05 -1.414956153080754514e-06 6.247843352498889757e-07
8.244820649291161724e-06 1.363061310385049285e-06 6.031599265630317489e-09 9.067309079898606503e-09 -4.842530639394962868e-07 6.176989372536932968e-05 3.763911279904241996e-06 -1.414956153080754514e-06 6.439330758346441022e-06 9.226124028978385978e-08
6.253264761888767410e-06 6.746301488625834102e-06 -1.420044836316399438e-07 9.761683024951212179e-08 1.431565664317929947e-06 -2.424436263831087942e-06 1.212143678002625992e-04 6.247843352498889757e-07 9.226124028978385978e-08 6.988072726975597740e-06
