# logA ns theta_MC_100 ombh2 omch2 mnu nnu tau A_act P_act
1.507398760425231318e-04 3.205647404542213773e-05 -9.056780738712274296e-07 7.196266319325558528e-07 9.344287120217565832e-06 7.284191033312557492e-05 6.802433831459696757e-04 6.090428474617019702e-05 1.186410142096349289e-06 2.781732912334583881e-06
3.205647404542213773e-05 3.243126322582954229e-05 -8.840077968560518744e-07 4.794865362705731293e-07 8.696716190009395038e-06 2.700030830752789997e-05 5.847455755339367109e-04 5.297550033408587743e-06 -6.332322550354235934e-07 3.414153149037795931e-06
-9.056780738712274296e-07 -8.840077968560518744e-07 1.001324081734628025e-07 -1.741386052174184666e-08 -3.806830561890534785e-07 -5.284950052902672724e-07 -2.394063460820765619e-05 -6.636452500378288866e-09 5.422815498953381676e-08 -9.946499862737589359e-08
7.196266319325558528e-07 4.794865362705731293e-07 -1.741386052174184666e-08 2.159537688463436095e-08 1.921383402242394118e-07 5.566870858493431811e-07 1.252808462016000798e-05 8.505798804432370139e-08 -1.620620273095761469e-08 3.227650843516333591e-08
9.344287120217565832e-06 8.696716190009395038e-06 -3.806830561890534785e-07 1.921383402242394118e-07 4.325986483010529415e-06 3.171089312636415446e-06 2.385757324285025171e-04 -3.433650443972975799e-07 -9.153283010430484468e-07 1.188820743103894860e-06
7.284191033312556137e-05 2.700030830752789997e-05 -5.284950052902671666e-07 5.566870858493431811e-07 3.171089312636415446e-06 5.014972058528209542e-04 4.353259916164856167e-04 2.287658164689450002e-05 8.476686924754987660e-06 3.131737203429040798e-06
6.802433831459696757e-04 5.847455755339367109e-04 -2.394063460820765619e-05 1.252808462016000798e-05 2.385757324285025171e-04 4.353259916164856167e-04 1.458372125322591507e-02 4.134011258244193869e-05 -3.081392376175407953e-05 7.559142161446549628e-05
6.090428474617019702e-05 5.297550033408587743e-06 -6.636452500378288866e-09 8.505798804432370139e-08 -3.433650443972975799e-07 2.287658164689450002e-05 4.134011258244193869e-05 3.520185596082226522e-05 -3.890110919520010192e-06 -3.196592067723255115e-07
1.186410142096349289e-06 -6.332322550354235934e-07 5.422815498953381676e-08 -1.620620273095761469e-08 -9.153283010430484468e-07 8.476686924754989354e-06 -3.081392376175407953e-05 -3.890110919520010192e-06 5.903649617481485285e-06 -1.962525879463121846e-07
2.781732912334583881e-06 3.414153149037795931e-06 -9.946499862737589359e-08 3.227650843516333591e-08 1.188820743103894860e-06 3.131737203429040798e-06 7.559142161446549628e-05 -3.196592067723255115e-07 -1.962525879463121846e-07 6.540878616703055834e-06
