# logA ns theta_MC_100 ombh2 omch2 mnu nnu tau A_act P_act
1.884046284700302565e-04 5.181014185126541437e-05 -1.172080155655138140e-06 1.099576864038587390e-06 1.186922448537773645e-05 3.080457804414107252e-04 9.993749578781280837e-04 6.828982694871673427e-05 8.050613710505655397e-06 6.700661095937278455e-06
5.181014185126541437e-05 5.423816135639302773e-05 -7.933156259598197493e-07 9.417212408882839708e-07 8.486980745119022682e-06 -1.332564397342873668e-04 8.459761242388432996e-04 1.186946322319228466e-05 1.415309213868382720e-06 6.410417674852093140e-06
-1.172080155655138140e-06 -7.933156259598197493e-07 1.029843426865140635e-07 -1.503994849040019127e-08 -4.086316104807100877e-07 -4.670655861427258556e-06 -2.275276537095302857e-05 -5.491435974307074038e-08 1.311342368779144357e-08 -9.506540407680625535e-08
1.099576864038587390e-06 9.417212408882839708e-07 -1.503994849040019127e-08 3.058379453400701636e-08 1.869998552086643931e-07 -3.336922757656567472e-06 1.793226725640226785e-05 2.095624636807822895e-07 2.596021362582467876e-08 9.743255574902633515e-08
1.186922448537773645e-05 8.486980745119022682e-06 -4.086316104807100877e-07 1.869998552086643931e-07 4.461688505734868958e-06 2.597160858425944649e-05 2.351544451983837518e-04 9.787784540154057927e-08 -4.436115848641745799e-07 1.322329225680938949e-06
3.080457804414107252e-04 -1.332564397342873668e-04 -4.670655861427258556e-06 -3.336922757656567472e-06 2.597160858425944649e-05 6.895819027088439211e-03 -9.850951513916952548e-04 7.243842252917253883e-05 5.897596759184719795e-05 -1.282848029793270363e-05
9.993749578781280837e-04 8.459761242388432996e-04 -2.275276537095302857e-05 1.793226725640226785e-05 2.351544451983837518e-04 -9.850951513916952548e-04 1.749822488794032516e-02 1.418340874485727677e-04 8.959224150880204727e-06 1.151998904362741593e-04
6.828982694871673427e-05 1.186946322319228466e-05 -5.491435974307074700e-08 2.095624636807822895e-07 9.787784540154056604e-08 7.243842252917253883e-05 1.418340874485727677e-04 3.559158287587157711e-05 -1.529517002276863073e-06 1.056723558981064574e-06
8.050613710505655397e-06 1.415309213868382720e-06 1.311342368779144357e-08 2.596021362582467876e-08 -4.436115848641745799e-07 5.897596759184719795e-05 8.959224150880204727e-06 -1.529517002276863073e-06 6.370388813352319118e-06 -1.538560483982897084e-08
6.700661095937278455e-06 6.410417674852093140e-06 -9.506540407680625535e-08 9.743255574902633515e-08 1.322329225680938949e-06 -1.282848029793270194e-05 1.151998904362741593e-04 1.056723558981064574e-06 -1.538560483982897084e-08 6.685950350793382427e-06
