# logA ns theta_MC_100 ombh2 omch2 mnu nnu tau A_act P_act
1.608340744359281773e-04 3.391270981255898687e-05 -1.025522930234036608e-06 7.595763704677110964e-07 8.732170224725410449e-06 1.037809368016545593e-04 6.870790242876391191e-04 6.524645391941041937e-05 2.467069585860853724e-06 3.558571828484457095e-06
3.391270981255898687e-05 3.507969948763325549e-05 -9.922925032115374001e-07 5.346371604870814752e-07 9.389098174770001197e-06 3.684892717913075067e-05 6.325826732632668830e-04 4.906794562218766314e-06 -2.970905680054074231e-07 3.651503528697635169e-06
-1.025522930234036608e-06 -9.922925032115374001e-07 1.047149837038556854e-07 -2.059782263011818865e-08 -4.320214715191081278e-07 -3.828975736362219098e-07 -2.661987908127184729e-05 -1.506829257822821201e-09 5.712244713064702398e-08 -1.215725125944557719e-07
7.595763704677110964e-07 5.346371604870814752e-07 -2.059782263011818865e-08 2.170332748418452112e-08 2.074829571095794169e-07 6.882867785774386024e-07 1.339662609866022004e-05 7.579458613649989394e-08 -5.892352600873621663e-09 3.998954945943403349e-08
8.732170224725410449e-06 9.389098174770001197e-06 -4.320214715191081278e-07 2.074829571095794169e-07 4.577693957056285569e-06 3.920726092621191724e-06 2.549520060602326866e-04 -1.066316709439392632e-06 -8.506488923420769702e-07 1.309791929348917210e-06
1.037809368016545593e-04 3.684892717913075067e-05 -3.828975736362219627e-07 6.882867785774386024e-07 3.920726092621191724e-06 6.612159203452698747e-04 5.779755110164775007e-04 3.454938743264801332e-05 1.112045294640937343e-05 3.999379605470420724e-06
6.870790242876391191e-04 6.325826732632668830e-04 -2.661987908127184729e-05 1.339662609866022004e-05 2.549520060602326866e-04 5.779755110164775007e-04 1.558504155572049306e-02 1.659435245162074586e-05 -2.505089879524873982e-05 8.322380448790799815e-05
6.524645391941041937e-05 4.906794562218766314e-06 -1.506829257822827198e-09 7.579458613649989394e-08 -1.066316709439392632e-06 3.454938743264801332e-05 1.659435245162074586e-05 3.723641897274213426e-05 -2.970033046476123319e-06 -2.068293783139771671e-07
2.467069585860853724e-06 -2.970905680054074231e-07 5.712244713064702398e-08 -5.892352600873621663e-09 -8.506488923420769702e-07 1.112045294640937343e-05 -2.505089879524873982e-05 -2.970033046476123319e-06 5.594869371212016965e-06 -1.059358982851444604e-07
3.558571828484457095e-06 3.651503528697635169e-06 -1.215725125944557719e-07 3.998954945943403349e-08 1.309791929348917210e-06 3.999379605470419877e-06 8.322380448790799815e-05 -2.068293783139771671e-07 -1.059358982851444604e-07 6.640200472198398396e-06
