# logA ns theta_MC_100 ombh2 omch2 mnu nnu tau A_act P_act
1.553638446725517344e-04 3.052875932232625790e-05 -8.743959457991798763e-07 6.554965164864373378e-07 8.907347294669848976e-06 8.173098134859038059e-05 6.548171768127141303e-04 6.279568935542385660e-05 1.874991037143503302e-06 3.802461147241779416e-06
3.052875932232625790e-05 3.191326088190596670e-05 -8.491889859600151979e-07 4.750756092679448402e-07 8.570978545098577873e-06 2.932355675183493927e-05 5.736048035898335838e-04 4.055295479143859402e-06 -1.174642465517012695e-07 3.576876835922973625e-06
-8.743959457991798763e-07 -8.491889859600151979e-07 9.531379437208415285e-08 -1.712300665410384502e-08 -3.736558428818553487e-07 -5.124609497029418158e-07 -2.311771254924996648e-05 1.474972879385621870e-09 5.623995682603188223e-08 -1.029992136313675457e-07
6.554965164864373378e-07 4.750756092679448402e-07 -1.712300665410384502e-08 2.060971475504649143e-08 1.947920396381279383e-07 5.429016739909802192e-07 1.247278716516491071e-05 3.817533157761710395e-08 -5.603346189373791475e-09 3.426168570771760181e-08
8.907347294669848976e-06 8.570978545098577873e-06 -3.736558428818553487e-07 1.947920396381279383e-07 4.327102378872259692e-06 3.158664600066378848e-06 2.390481638538652961e-04 -7.737876879573501176e-07 -7.745085686571639592e-07 1.203736589725419417e-06
8.173098134859038059e-05 2.932355675183493927e-05 -5.124609497029418158e-07 5.429016739909802192e-07 3.158664600066378848e-06 5.500873942305122694e-04 4.590352253640809653e-04 2.652439089519332193e-05 9.460405607268843804e-06 3.154084786487966874e-06
6.548171768127141303e-04 5.736048035898335838e-04 -2.311771254924996648e-05 1.247278716516491071e-05 2.390481638538652961e-04 4.590352253640809653e-04 1.451463095822559841e-02 1.537539553414564593e-05 -2.211051375305201600e-05 7.736644977073784280e-05
6.279568935542385660e-05 4.055295479143859402e-06 1.474972879385621870e-09 3.817533157761710395e-08 -7.737876879573501176e-07 2.652439089519332871e-05 1.537539553414564593e-05 3.624419999909190719e-05 -3.510662704416802394e-06 1.516525178703900227e-07
1.874991037143503302e-06 -1.174642465517012695e-07 5.623995682603188223e-08 -5.603346189373791475e-09 -7.745085686571639592e-07 9.460405607268843804e-06 -2.211051375305201600e-05 -3.510662704416802394e-06 5.709867095096956393e-06 -2.171154850095302139e-07
3.802461147241779416e-06 3.576876835922973625e-06 -1.029992136313675457e-07 3.426168570771760181e-08 1.203736589725419417e-06 3.154084786487966027e-06 7.736644977073784280e-05 1.516525178703900227e-07 -2.171154850095302139e-07 6.648896680823296345e-06
