# logA ns theta_MC_100 ombh2 omch2 mnu nnu tau A_act P_act
1.520276383493096367e-04 3.334697600211451821e-05 -1.052719007681330979e-06 7.427868994880327732e-07 9.770880300779773473e-06 6.272303332643535019e-05 7.206832655020656026e-04 6.225850562138105328e-05 -1.164869351209798152e-07 3.989446805638739641e-06
3.334697600211451821e-05 3.428140067422529025e-05 -1.006887750847517744e-06 5.337557464126770561e-07 9.554725609040746746e-06 2.398239623079354558e-05 6.377420178705493943e-04 5.022102113177611050e-06 -6.772272438002811635e-07 4.008688019790048910e-06
-1.052719007681330979e-06 -1.006887750847517744e-06 1.023509666640831978e-07 -2.108793060928429936e-08 -4.193002419386277318e-07 -3.314764131827470001e-07 -2.639420370283328957e-05 -5.457780284506103851e-08 7.652085597519725521e-08 -1.335452191603822436e-07
7.427868994880327732e-07 5.337557464126770561e-07 -2.108793060928429936e-08 2.151875102847359720e-08 2.136264884339954954e-07 4.304500952168088497e-07 1.376216983728529582e-05 7.472628593310391409e-08 -1.746591379949466677e-08 4.619916709821679808e-08
9.770880300779773473e-06 9.554725609040746746e-06 -4.193002419386277318e-07 2.136264884339954954e-07 4.691841274881892720e-06 2.281548141597440844e-06 2.607012766088726984e-04 -4.851392662967826094e-07 -9.698426391985345687e-07 1.430866109657850806e-06
6.272303332643535019e-05 2.398239623079354558e-05 -3.314764131827470001e-07 4.304500952168088497e-07 2.281548141597440844e-06 4.223241734348717334e-04 3.678436397370385392e-04 2.141679526846240107e-05 6.274835850487533389e-06 2.439686304890748732e-06
7.206832655020656026e-04 6.377420178705493943e-04 -2.639420370283328957e-05 1.376216983728529582e-05 2.607012766088726984e-04 3.678436397370385392e-04 1.592066064832588224e-02 4.169223942346867427e-05 -3.582084033442655492e-05 9.043098921742323917e-05
6.225850562138105328e-05 5.022102113177611050e-06 -5.457780284506103851e-08 7.472628593310391409e-08 -4.851392662967826094e-07 2.141679526846240446e-05 4.169223942346868104e-05 3.616525546009822850e-05 -4.172161875944758028e-06 -3.006235017651768964e-08
-1.164869351209798152e-07 -6.772272438002811635e-07 7.652085597519725521e-08 -1.746591379949466677e-08 -9.698426391985345687e-07 6.274835850487533389e-06 -3.582084033442655492e-05 -4.172161875944758028e-06 5.647073664652248270e-06 -1.759753978712115523e-07
3.989446805638739641e-06 4.008688019790048910e-06 -1.335452191603822436e-07 4.619916709821679808e-08 1.430866109657850806e-06 2.439686304890748732e-06 9.043098921742323917e-05 -3.006235017651768964e-08 -1.759753978712115523e-07 6.563265170440115761e-06
