# logA ns theta_MC_100 ombh2 omch2 mnu nnu tau A_act P_act
1.501433872876778821e-04 3.401429644206461778e-05 -1.181100563615343852e-06 7.808964490682999136e-07 1.076980188371850242e-05 6.368781636579615960e-05 7.579564971181662440e-04 5.881915027308012633e-05 9.297640836107386243e-07 4.021872429275132631e-06
3.401429644206461778e-05 3.311299980192972033e-05 -1.004122101861596056e-06 5.186193381411963179e-07 9.075621995648237953e-06 2.257034173189792226e-05 6.066131892875253114e-04 5.882843386544085124e-06 -8.677436148040871002e-07 3.857331914245401372e-06
-1.181100563615343852e-06 -1.004122101861596056e-06 1.019354217388973706e-07 -2.028860186906152707e-08 -4.149878916410813447e-07 -6.407213500730903766e-07 -2.603413851944121605e-05 -1.353905720617906370e-07 8.992682397324103010e-08 -1.227085893206302222e-07
7.808964490682999136e-07 5.186193381411963179e-07 -2.028860186906152707e-08 2.290474393653696641e-08 2.128487966874997743e-07 4.202947505391654675e-07 1.366825168149799144e-05 9.873093633283912690e-08 -2.911831369548925722e-08 5.075155213724158487e-08
1.076980188371850242e-05 9.075621995648237953e-06 -4.149878916410813447e-07 2.128487966874997743e-07 4.513027712778950528e-06 2.817111040616554771e-06 2.502780619339603388e-04 2.434961883628778274e-07 -1.099574928446882858e-06 1.272959036181573141e-06
6.368781636579615960e-05 2.257034173189792226e-05 -6.407213500730903766e-07 4.202947505391654675e-07 2.817111040616554771e-06 4.447927048002561952e-04 3.848759993464019808e-04 2.036235845273812962e-05 6.574205500382582474e-06 3.446224349045528290e-06
7.579564971181662440e-04 6.066131892875253114e-04 -2.603413851944121605e-05 1.366825168149799144e-05 2.502780619339603388e-04 3.848759993464019808e-04 1.526447564869772532e-02 7.377064745045935500e-05 -4.296397707114525276e-05 8.407615103861112863e-05
5.881915027308012633e-05 5.882843386544085124e-06 -1.353905720617906370e-07 9.873093633283912690e-08 2.434961883628778274e-07 2.036235845273813301e-05 7.377064745045935500e-05 3.315412344494416883e-05 -3.740095996560770401e-06 2.751816348252020539e-07
9.297640836107386243e-07 -8.677436148040871002e-07 8.992682397324103010e-08 -2.911831369548925722e-08 -1.099574928446882858e-06 6.574205500382580780e-06 -4.296397707114525276e-05 -3.740095996560770401e-06 5.944387884506863550e-06 -2.951839895980126106e-07
4.021872429275132631e-06 3.857331914245401372e-06 -1.227085893206302222e-07 5.075155213724158487e-08 1.272959036181573141e-06 3.446224349045529137e-06 8.407615103861112863e-05 2.751816348252020539e-07 -2.951839895980126106e-07 6.610174230609438249e-06
