# logA ns theta_MC_100 ombh2 omch2 mnu nnu tau A_act P_act
1.519412902214009218e-04 3.404010000520235396e-05 -1.088225129290382598e-06 7.354402376533619733e-07 8.689421200662644895e-06 7.691574123503334525e-05 6.830669043350319578e-04 6.161312478970901033e-05 2.035197593987659968e-06 5.127942891467534562e-06
3.404010000520235396e-05 3.332776875047939268e-05 -9.105372527433117878e-07 5.039809413902232772e-07 8.545451989162767520e-06 2.718070091368343096e-05 5.935646289968156625e-04 5.893190611596742862e-06 1.339383824433791190e-08 3.893456541453428466e-06
-1.088225129290382598e-06 -9.105372527433117878e-07 9.575944734357535457e-08 -2.040551933666484833e-08 -3.743016378970191332e-07 -6.019250385785954914e-07 -2.406740859651621873e-05 -9.743317169257448549e-08 4.389641655995360764e-08 -1.126893709656660289e-07
7.354402376533619733e-07 5.039809413902232772e-07 -2.040551933666484833e-08 2.154964983575643239e-08 1.953383387528533726e-07 5.107140006541215142e-07 1.299432424847294351e-05 8.880968912280567818e-08 -1.509177718367767729e-08 3.949829256370247895e-08
8.689421200662644895e-06 8.545451989162767520e-06 -3.743016378970191332e-07 1.953383387528533726e-07 4.199285866729317334e-06 1.992857537769869548e-06 2.350382494809445243e-04 -6.148625465115707488e-07 -7.978571669537836250e-07 1.222982530616320154e-06
7.691574123503334525e-05 2.718070091368343096e-05 -6.019250385785955973e-07 5.107140006541215142e-07 1.992857537769869548e-06 4.837775932269256039e-04 3.794836016564341044e-04 2.601477802159688732e-05 9.088866515786505774e-06 5.461766944142672855e-06
6.830669043350319578e-04 5.935646289968156625e-04 -2.406740859651621873e-05 1.299432424847294351e-05 2.350382494809445243e-04 3.794836016564341586e-04 1.466450840111522061e-02 3.952902978731757152e-05 -2.257621100184981072e-05 8.139307595316179467e-05
6.161312478970901033e-05 5.893190611596742862e-06 -9.743317169257448549e-08 8.880968912280567818e-08 -6.148625465115707488e-07 2.601477802159689071e-05 3.952902978731757152e-05 3.554544790544350119e-05 -3.530633446690826636e-06 5.084970977425150488e-07
2.035197593987659968e-06 1.339383824433791190e-08 4.389641655995360764e-08 -1.509177718367767729e-08 -7.978571669537836250e-07 9.088866515786505774e-06 -2.257621100184981072e-05 -3.530633446690826636e-06 5.890837449302864463e-06 1.298105366375997178e-07
5.127942891467534562e-06 3.893456541453428466e-06 -1.126893709656660289e-07 3.949829256370247895e-08 1.222982530616320154e-06 5.461766944142672855e-06 8.139307595316179467e-05 5.084970977425149429e-07 1.298105366375997178e-07 6.076536779110281021e-06
