# logA ns theta_MC_100 ombh2 omch2 mnu nnu tau A_act P_act
3.390291599999999800e-04 5.716262099999999793e-05 -2.474266100000000027e-06 1.339850900000000059e-06 2.356957699999999919e-05 6.223153599999999377e-05 1.522611299999999989e-03 1.252254800000000010e-04 0.000000000000000000e+00 0.000000000000000000e+00
5.716262099999999793e-05 5.011428199999999969e-05 -1.729056699999999940e-06 9.026483600000000326e-07 1.491106799999999938e-05 4.751137699999999754e-05 1.070081899999999944e-03 9.544997900000000521e-06 0.000000000000000000e+00 0.000000000000000000e+00
-2.474266100000000027e-06 -1.729056699999999940e-06 1.886770099999999992e-07 -3.050031200000000199e-08 -9.757285600000000864e-07 -7.568106699999999541e-07 -5.791369000000000014e-05 -2.627782499999999926e-08 0.000000000000000000e+00 0.000000000000000000e+00
1.339850900000000059e-06 9.026483600000000326e-07 -3.050031200000000199e-08 3.367864800000000031e-08 3.095658800000000221e-07 8.379665599999999940e-07 2.253614499999999902e-05 2.252784099999999924e-07 0.000000000000000000e+00 0.000000000000000000e+00
2.356957699999999919e-05 1.491106799999999938e-05 -9.757285600000000864e-07 3.095658800000000221e-07 9.183627499999999852e-06 1.698493200000000025e-06 5.113180499999999892e-04 -1.935097300000000036e-09 0.000000000000000000e+00 0.000000000000000000e+00
6.223153599999999377e-05 4.751137699999999754e-05 -7.568106699999999541e-07 8.379665599999999940e-07 1.698493200000000025e-06 1.480783399999999975e-03 6.906267200000000073e-04 2.835590699999999983e-05 0.000000000000000000e+00 0.000000000000000000e+00
1.522611299999999989e-03 1.070081899999999944e-03 -5.791369000000000014e-05 2.253614499999999902e-05 5.113180499999999892e-04 6.906267200000000073e-04 3.183453299999999819e-02 9.861491299999999892e-05 0.000000000000000000e+00 0.000000000000000000e+00
1.252254800000000010e-04 9.544997900000000521e-06 -2.627782499999999926e-08 2.252784099999999924e-07 -1.935097300000000036e-09 2.835590699999999983e-05 9.861491299999999892e-05 6.265315100000000447e-05 0.000000000000000000e+00 0.000000000000000000e+00
0.000000000000000000e+00 0.000000000000000000e+00 0.000000000000000000e+00 0.000000000000000000e+00 0.000000000000000000e+00 0.000000000000000000e+00 0.000000000000000000e+00 0.000000000000000000e+00 9.000000000000000228e-06 0.000000000000000000e+00
0.000000000000000000e+00 0.000000000000000000e+00 0.000000000000000000e+00 0.000000000000000000e+00 0.000000000000000000e+00 0.000000000000000000e+00 0.000000000000000000e+00 0.000000000000000000e+00 0.000000000000000000e+00 8.999999999999999754e-04
