# logA ns theta_MC_100 ombh2 omch2 tau A_act P_act
6.155187643977955061e-04 2.006846786459826499e-05 1.811090222637360964e-06 9.695629569276032345e-07 -2.619816466179030183e-05 3.155410944091315202e-04 8.421324006381640222e-06 7.451347495518891690e-06
2.006846786459826499e-05 6.091017260643639134e-05 7.285041202697314034e-07 -5.666483469570078312e-07 -9.855128332998117958e-06 3.556729087027102521e-05 1.355927736841477297e-06 9.278109962010199843e-07
1.811090222637360964e-06 7.285041202697314034e-07 1.014288108687223378e-07 3.193840508903407285e-09 -3.679489845993122091e-07 1.273268988673181871e-06 1.897214403292441781e-08 1.595318619323465565e-07
9.695629569276032345e-07 -5.666483469570078312e-07 3.193840508903407285e-09 2.791768428486065839e-08 -4.695245633078946965e-08 2.870336947427782292e-07 1.586178202997660190e-08 -3.563890427100543353e-08
-2.619816466179030183e-05 -9.855128332998117958e-06 -3.679489845993122091e-07 -4.695245633078946965e-08 6.189403901898685067e-06 -1.897981615654702119e-05 -6.343459889081447506e-07 -1.996036972721958262e-06
3.155410944091315202e-04 3.556729087027102521e-05 1.273268988673181871e-06 2.870336947427782292e-07 -1.897981615654702119e-05 1.831358728742158467e-04 -3.206026243363622667e-06 3.863611014596112232e-06
8.421324006381640222e-06 1.355927736841477297e-06 1.897214403292441781e-08 1.586178202997660190e-08 -6.343459889081447506e-07 -3.206026243363622667e-06 8.486893848317393971e-06 -5.596974319295768381e-08
7.451347495518891690e-06 9.278109962010199843e-07 1.595318619323465565e-07 -3.563890427100543353e-08 -1.996036972721958262e-06 3.863611014596112232e-06 -5.596974319295768381e-08 7.324018618172387381e-06
