# logA ns theta_MC_100 ombh2 omch2 tau A_act P_act
4.850788299999999969e-04 8.187400599999999885e-05 9.560766500000000460e-07 1.153262500000000040e-05 -2.047529300000000115e-05 1.624888100000000093e-04 0.000000000000000000e+00 0.000000000000000000e+00
8.187400599999999885e-05 2.103358400000000024e-04 4.381629800000000215e-06 1.165260700000000002e-05 -5.142734299999999901e-05 3.769318100000000160e-05 0.000000000000000000e+00 0.000000000000000000e+00
9.560766500000000460e-07 4.381629800000000215e-06 7.844345500000000314e-07 3.214508300000000030e-07 -1.449520399999999941e-06 9.569694500000000420e-07 0.000000000000000000e+00 0.000000000000000000e+00
1.153262500000000040e-05 1.165260700000000002e-05 3.214508300000000030e-07 1.452055800000000005e-06 -4.742616999999999963e-06 2.904505699999999814e-06 0.000000000000000000e+00 0.000000000000000000e+00
-2.047529300000000115e-05 -5.142734299999999901e-05 -1.449520399999999941e-06 -4.742616999999999963e-06 2.146246400000000146e-05 -1.235461100000000036e-05 0.000000000000000000e+00 0.000000000000000000e+00
1.624888100000000093e-04 3.769318100000000160e-05 9.569694500000000420e-07 2.904505699999999814e-06 -1.235461100000000036e-05 8.035798899999999523e-05 0.000000000000000000e+00 0.000000000000000000e+00
0.000000000000000000e+00 0.000000000000000000e+00 0.000000000000000000e+00 0.000000000000000000e+00 0.000000000000000000e+00 0.000000000000000000e+00 9.000000000000000228e-06 0.000000000000000000e+00
0.000000000000000000e+00 0.000000000000000000e+00 0.000000000000000000e+00 0.000000000000000000e+00 0.000000000000000000e+00 0.000000000000000000e+00 0.000000000000000000e+00 8.999999999999999754e-04
