# logA ns theta_MC_100 ombh2 omch2 tau A_act P_act
9.145920299999999760e-04 1.199203900000000040e-04 1.603564100000000160e-05 4.746178399999999973e-06 3.518117899999999705e-05 3.514650600000000010e-04 0.000000000000000000e+00 0.000000000000000000e+00
1.199203900000000040e-04 1.573814600000000082e-04 1.396385000000000014e-05 5.095040300000000421e-06 -2.668732700000000165e-05 7.099254900000000245e-05 0.000000000000000000e+00 0.000000000000000000e+00
1.603564100000000160e-05 1.396385000000000014e-05 4.827403600000000077e-06 6.409717300000000303e-07 -7.369917800000000351e-07 5.017239599999999660e-06 0.000000000000000000e+00 0.000000000000000000e+00
4.746178399999999973e-06 5.095040300000000421e-06 6.409717300000000303e-07 2.391093599999999830e-07 -6.198431300000000484e-07 2.243071000000000009e-06 0.000000000000000000e+00 0.000000000000000000e+00
3.518117899999999705e-05 -2.668732700000000165e-05 -7.369917800000000351e-07 -6.198431300000000484e-07 2.026176500000000065e-05 -1.559119799999999858e-05 0.000000000000000000e+00 0.000000000000000000e+00
3.514650600000000010e-04 7.099254900000000245e-05 5.017239599999999660e-06 2.243071000000000009e-06 -1.559119799999999858e-05 1.905996399999999999e-04 0.000000000000000000e+00 0.000000000000000000e+00
0.000000000000000000e+00 0.000000000000000000e+00 0.000000000000000000e+00 0.000000000000000000e+00 0.000000000000000000e+00 0.000000000000000000e+00 9.000000000000000228e-06 0.000000000000000000e+00
0.000000000000000000e+00 0.000000000000000000e+00 0.000000000000000000e+00 0.000000000000000000e+00 0.000000000000000000e+00 0.000000000000000000e+00 0.000000000000000000e+00 8.999999999999999754e-04
