# logA ns theta_MC_100 ombh2 omch2 tau A_act P_act
2.283804165294711034e-04 6.432476408541061570e-06 4.168855457929236443e-07 2.071256897489738039e-07 -2.232538119852162696e-06 1.007430803111533652e-04 1.466722409135974356e-05 1.583659203565348860e-07
6.432476408541061570e-06 1.381566586165424853e-05 2.615789773940577648e-07 7.162956599500416077e-08 -3.061265434009191574e-06 7.377953561378490658e-06 3.725526406237977104e-07 9.527426989906476877e-07
4.168855457929236443e-07 2.615789773940577648e-07 6.951210549993290528e-08 6.887806423086731364e-09 -8.434773621258448158e-08 2.487375245546616393e-07 3.009377062526629237e-08 5.064732272046254795e-08
2.071256897489738039e-07 7.162956599500416077e-08 6.887806423086731364e-09 1.242789258471774159e-08 -5.775317128471061631e-08 1.240755706342407817e-07 2.657037012271497474e-08 -1.853169315805945305e-08
-2.232538119852162696e-06 -3.061265434009191574e-06 -8.434773621258448158e-08 -5.775317128471061631e-08 1.450514066724077978e-06 -2.596984235801819137e-06 -2.913399566039163458e-07 -2.701045211819468644e-07
1.007430803111533652e-04 7.377953561378492352e-06 2.487375245546616393e-07 1.240755706342407817e-07 -2.596984235801819137e-06 5.527371852373274473e-05 -1.587277859643464962e-06 1.388256204257478758e-07
1.466722409135974356e-05 3.725526406237977104e-07 3.009377062526629237e-08 2.657037012271497474e-08 -2.913399566039163458e-07 -1.587277859643464962e-06 9.158085074167060622e-06 1.011576926810797072e-08
1.583659203565348860e-07 9.527426989906476877e-07 5.064732272046254795e-08 -1.853169315805945305e-08 -2.701045211819468644e-07 1.388256204257478758e-07 1.011576926810797072e-08 6.292307785884367255e-06
