# logA ns theta_MC_100 ombh2 omch2 w wa tau A_act P_act
1.166918153200477746e-04 -9.820074183171594747e-06 2.013984065264211613e-07 3.412574563740845403e-07 -3.709681000774189739e-06 -1.043965331501975417e-04 6.733816467936585854e-04 5.167204774199932139e-05 3.603838042452317553e-06 2.273514670156813731e-06
-9.820074183171594747e-06 3.998080274030868709e-05 1.509397378808472164e-07 -5.020351919056416846e-07 -1.007140178359335214e-06 -1.407173638976189519e-05 8.741229152349303140e-05 5.259898138704439237e-06 4.006496373817585809e-06 -1.577157527537007134e-06
2.013984065264211613e-07 1.509397378808472164e-07 8.237851409918689301e-08 1.399289821501644512e-09 -1.945333305475189455e-08 -1.495774970455243557e-06 9.890135390777582411e-06 5.632808536067876253e-08 4.148769028895118928e-08 3.567195789209614520e-08
3.412574563740845403e-07 -5.020351919056416846e-07 1.399289821501644512e-09 2.490904846113285310e-08 -9.423214998725571219e-09 -1.667123525595517357e-07 2.566627855163543059e-06 1.152663992125573490e-08 -1.393921819406956005e-08 -4.132755669644448047e-08
-3.709681000774189739e-06 -1.007140178359335214e-06 -1.945333305475189455e-08 -9.423214998725571219e-09 1.010964818896716514e-06 1.662671270756344718e-05 -1.241997143399382701e-04 -1.545096321549626690e-06 -9.642019247142251784e-07 -4.812460209768595002e-07
-1.043965331501975417e-04 -1.407173638976189519e-05 -1.495774970455243557e-06 -1.667123525595517357e-07 1.662671270756344718e-05 3.001305333001202252e-03 -1.041543807107571037e-02 -3.793461238045806922e-05 -2.215580613368574837e-05 -1.041908730501393953e-05
6.733816467936586938e-04 8.741229152349303140e-05 9.890135390777582411e-06 2.566627855163543059e-06 -1.241997143399382701e-04 -1.041543807107571037e-02 4.600067650942066266e-02 2.446149521097762598e-04 1.467892012108195786e-04 6.691306115445017099e-05
5.167204774199932139e-05 5.259898138704439237e-06 5.632808536067876253e-08 1.152663992125573490e-08 -1.545096321549626690e-06 -3.793461238045806922e-05 2.446149521097762598e-04 3.138533443326839667e-05 -2.418546364222822029e-06 -1.688370912880931943e-07
3.603838042452317553e-06 4.006496373817585809e-06 4.148769028895118928e-08 -1.393921819406956005e-08 -9.642019247142251784e-07 -2.215580613368574837e-05 1.467892012108195786e-04 -2.418546364222822029e-06 6.720240161270543108e-06 -1.693937470690728866e-07
2.273514670156813731e-06 -1.577157527537007134e-06 3.567195789209614520e-08 -4.132755669644448047e-08 -4.812460209768595002e-07 -1.041908730501393953e-05 6.691306115445017099e-05 -1.688370912880931943e-07 -1.693937470690728866e-07 6.993133314580553362e-06
