# logA ns theta_MC_100 ombh2 omch2 w wa tau A_act P_act
7.512338450406623317e-05 4.106499581060875888e-06 2.993765179430956846e-07 1.454288708837312880e-07 -1.876134447519668097e-06 -6.926155221163687707e-05 3.975308405907233269e-04 3.273717928241521614e-05 6.510513570232095984e-06 1.877430694281764266e-07
4.106499581060875888e-06 9.657750542578180078e-06 1.134706852133382109e-07 5.807198565451177065e-09 -1.386493467796408011e-06 -2.288374536057887520e-05 1.815665087212423804e-04 2.778131019201446563e-06 1.626605622073841876e-06 5.805201415319838020e-07
2.993765179430956846e-07 1.134706852133382109e-07 6.433358740678893240e-08 4.128148364885652738e-09 -1.560101968111915571e-08 -1.547087968010640593e-06 9.333494292055616738e-06 8.085598016669671908e-08 5.711561640377781015e-08 2.483637627383792235e-08
1.454288708837312880e-07 5.807198565451177065e-09 4.128148364885652738e-09 1.031087131164071505e-08 -2.078055679631104274e-08 -4.182131233244767065e-07 3.350472386305605607e-06 4.428347534893729000e-08 3.212340613109485868e-08 -2.873058947156761279e-08
-1.876134447519668097e-06 -1.386493467796408011e-06 -1.560101968111915571e-08 -2.078055679631104274e-08 6.570666411698459197e-07 9.848317445510932684e-06 -7.956172589587939522e-05 -9.084452456178250590e-07 -8.112126357188626205e-07 -1.442242154026318380e-07
-6.926155221163687707e-05 -2.288374536057887520e-05 -1.547087968010640593e-06 -4.182131233244767065e-07 9.848317445510932684e-06 2.826841948113007884e-03 -9.375372684044343610e-03 -2.766807781732078382e-05 -1.803306501493967518e-05 -1.035135435571996427e-06
3.975308405907233811e-04 1.815665087212423804e-04 9.333494292055616738e-06 3.350472386305605607e-06 -7.956172589587939522e-05 -9.375372684044345345e-03 3.913365548307810166e-02 1.610985721888929004e-04 1.298223825842174310e-04 1.625227049323835912e-05
3.273717928241521614e-05 2.778131019201446563e-06 8.085598016669671908e-08 4.428347534893729000e-08 -9.084452456178250590e-07 -2.766807781732078382e-05 1.610985721888929004e-04 1.923550381738952555e-05 -1.550941545469086511e-06 -1.286967986446646921e-07
6.510513570232095984e-06 1.626605622073841876e-06 5.711561640377781015e-08 3.212340613109485868e-08 -8.112126357188626205e-07 -1.803306501493967518e-05 1.298223825842174310e-04 -1.550941545469086511e-06 6.025836768645975642e-06 1.186382953507134009e-07
1.877430694281764266e-07 5.805201415319838020e-07 2.483637627383792235e-08 -2.873058947156761279e-08 -1.442242154026318380e-07 -1.035135435571996427e-06 1.625227049323835912e-05 -1.286967986446646921e-07 1.186382953507134009e-07 6.071588869431072631e-06
